0.006686743348836899
0.006395659875124693
0.005137317813932896
0.004369066096842289
0.003971605096012354
0.0036995126865804195
0.0036809921730309725
0.0034898410085588694
0.003510771319270134
0.003167053684592247
0.0032072525937110186
0.003054167842492461
0.0028931787237524986
0.0028466994408518076
0.0028181937523186207
0.002824647119268775
0.0027221343480050564
0.0028218794614076614
0.0028752305079251528
0.002698870375752449
0.00267796847037971
0.002636716002598405
0.0026390752755105495
0.002710615051910281
0.002579213585704565
0.002617714460939169
0.002638615434989333
0.0025897175073623657
0.0024229008704423904
0.002591698430478573
0.0025203099939972162
0.002542929258197546
0.0025222778785973787
0.002583252266049385
0.0025541370268911123
0.0025127914268523455
0.002560148946940899
0.0025810841470956802
0.0024921102449297905
0.0025043305940926075
0.0024181848857551813
0.0024146223440766335
0.002427837811410427
0.0024168819654732943
0.0025445385836064816
0.0024053994566202164
0.002454024041071534
0.00239652581512928
0.0024486430920660496
0.002453778637573123
0.0024199718609452248
0.002329713897779584
0.0023715391289442778
0.002362070372328162
0.0023912640754133463
0.0023566458839923143
0.002254604361951351
0.0024392148479819298
0.002404555445536971
0.00222577340900898
0.0023869744036346674
0.0024541139136999846
0.0023429126013070345
0.0022802790626883507
0.0023399072233587503
0.0023764208890497684
0.0022658470552414656
0.002413222100585699
0.002306035254150629
0.0023017246276140213
0.002323645632714033
0.002312206430360675
0.0023347632959485054
0.002275963081046939
0.002301611937582493
0.0022483039647340775
0.0022847827058285475
0.0023268372751772404
0.002274723257869482
0.0022554732859134674
0.002308164956048131
0.0022732096258550882
0.0022780359722673893
0.0022636642679572105
0.0022570572327822447
0.002274999860674143
0.00228092516772449
0.002253754297271371
0.002178665017709136
0.002217002911493182
0.002352954586967826
0.0023113260976970196
0.0022637047804892063
0.002201181836426258
0.002252136589959264
0.0022310009226202965
0.0022317173425108194
0.0022123202215880156
0.0023032929748296738
0.0022334337700158358
0.0023566274903714657
0.002272163052111864
0.002309179864823818
0.002381440019235015
0.0022330409847199917
0.0022877859883010387
0.002322487300261855
0.0022132499143481255
0.0022317979019135237
0.0022537207696586847
0.0022734336089342833
0.0021964379120618105
0.0021780163515359163
0.002192384097725153
0.0020705219358205795
0.002148114377632737
0.00222975155338645
0.0022168157156556845
0.0021649091504514217
0.0022598691284656525
0.0021682814694941044
0.0021439751144498587
0.0021605880465358496
0.0022310586646199226
0.002210878999903798
0.0022477919701486826
0.0021092891693115234
0.002209788653999567
0.002248736098408699
0.0021493288222700357
0.002246821066364646
0.002169419080018997
0.0021727269049733877
0.002212383784353733
0.0021256685722619295
0.002067843684926629
0.002210667124018073
0.002124874386936426
0.002195727778598666
0.002204952761530876
0.002111829351633787
0.002084175357595086
0.0021387890446931124
0.0021744032856076956
0.002099439734593034
0.0021613838616758585
0.0021541921887546778
0.0022566691040992737
0.0021912292577326298
0.002125982427969575
0.002175283385440707
0.0021563859190791845
0.0020616482943296432
0.0021607016678899527
0.002185720717534423
0.002170202089473605
0.0021219560876488686
0.0022024125792086124
0.002061545616015792
0.0021592385601252317
0.0020983770955353975
0.0021074539981782436
0.002089432207867503
0.00212203455157578
0.002123824553564191
0.002107281005010009
0.0021554483100771904
0.002060391940176487
0.0021723888348788023
0.0020912212785333395
0.002104198094457388
0.002110871020704508
0.0020717449951916933
0.00208058999851346
0.0020990013144910336
0.002133276080712676
0.0020857721101492643
0.0020459694787859917
0.002101147547364235
0.0020849197171628475
0.002045603469014168
0.002124565653502941
0.002131666289642453
0.002050883136689663
0.0020270352251827717
0.00213844352401793
0.0021832757629454136
0.0021302574314177036
0.0020535970106720924
0.0022007394582033157
0.0020272505935281515
0.002088109962642193
0.002114537637680769
0.0021143974736332893
0.002149204956367612
0.0021080230362713337
0.0020041270181536674
0.0020619065035134554
0.0021217502653598785
0.0022153076715767384
0.0021271014120429754
0.002075507305562496
0.0020650767255574465
0.002077016979455948
0.002118913922458887
0.0021122414618730545
0.0020654082763940096
0.0021315289195626974
0.0020258931908756495
0.0020401396322995424
0.002097086515277624
0.0020350832492113113
0.002025450114160776
0.002002176595851779
0.0020796111784875393
0.0021561249159276485
0.002013975288718939
0.002055178163573146
0.0020109666511416435
0.0020325465593487024
0.0021188361570239067
0.0020563530270010233
0.002081390004605055
0.0021152941044420004
0.0021350530441850424
0.0021049724891781807
0.0019783033058047295
0.0020493639167398214
0.0020964674185961485
0.0020799979101866484
0.002105136401951313
0.0020125145092606544
0.002099127508699894
0.0021494971588253975
0.00204316689632833
0.0020502337720245123
0.0021435734815895557
0.002028629882261157
0.0020893586333841085
0.002071355003863573
0.002014088211581111
0.002052981173619628
0.0020493294578045607
0.0020161003340035677
0.0019882277119904757
0.0020532787311822176
0.0020317339804023504
0.002080518752336502
0.001929743681102991
0.002076884265989065
0.0020545164588838816
0.0021070095244795084
0.002016028854995966
0.002056828001514077
0.002088395645841956
0.001973627833649516
0.002184544689953327
0.0021312348544597626
0.0020943903364241123
0.002027793787419796
0.0020914264023303986
0.0021470196079462767
0.00209884368814528
0.0019437730079516768
0.0020646280609071255
0.0020817224867641926
0.0020799378398805857
0.0020514591597020626
0.001982062356546521
0.0020150281488895416
0.002087632194161415
0.002034930046647787
0.002040943130850792
0.002045785076916218
0.00204594898968935
0.0020447897259145975
0.0021025692112743855
0.002015011152252555
0.002030238276347518
0.0020152158103883266
0.001994167221710086
0.0020929130259901285
0.0019583110697567463
0.001938413712196052
0.0020299837924540043
0.0020254601258784533
0.00204114755615592
0.0019505094969645143
0.002021007938310504
0.0020385892130434513
0.0019635807257145643
0.002025078982114792
0.0020913395565003157
0.0019880651962012053
0.0019751230720430613
0.002002689288929105
0.002062307670712471
0.0019722573924809694
0.002054337179288268
0.0019922987557947636
0.001966792158782482
0.0020392322912812233
0.0020138241816312075
0.0020466800779104233
0.002031954936683178
0.0020362865179777145
0.001924844109453261
0.0020895798224955797
0.002029040362685919
0.0019659039098769426
0.0020335714798420668
0.0020351256243884563
0.002007987815886736
0.0019877045415341854
0.0019508774857968092
0.0020282240584492683
0.0020498191006481647
0.0019765347242355347
0.002086563967168331
0.002059509279206395
0.002001891378313303
0.00205431180074811
0.00206774496473372
0.0019424096681177616
0.002084336243569851
0.001991759752854705
0.002060722792521119
0.0020490866154432297
0.002033571945503354
0.0019941467326134443
0.0020174465607851744
0.002012353390455246
0.0019586454145610332
0.001996298087760806
0.002114129951223731
0.0019107371335849166
0.002024563495069742
0.0020641894079744816
0.0019979921635240316
0.002016681944951415
0.0020849958527833223
0.002013502176851034
0.00209309090860188
0.0019516528118401766
0.0019840372260659933
0.00196862337179482
0.001998693449422717
0.002028701826930046
0.002038226230069995
0.001984354807063937
0.002049326663836837
0.0020345377270132303
0.002066093496978283
0.002002260647714138
0.00193127547390759
0.0019620084203779697
0.0019745572935789824
0.001972252270206809
0.0020302084740251303
0.0019273889483883977
0.001994245918467641
0.0019674559589475393
0.0018727678107097745
0.001921343500725925
0.001998906023800373
0.0019388147629797459
0.0020051305182278156
0.001960551366209984
0.0019439089810475707
0.0018956916173920035
0.002005887683480978
0.0019977414049208164
0.0019171163439750671
0.0019167315913364291
0.002021215623244643
0.0020150532945990562
0.002138301497325301
0.0020085377618670464
0.0020307337399572134
0.0019727209582924843
0.00199789903126657
0.002012664685025811
0.001963206799700856
0.001979432301595807
0.001966540701687336
0.0020456735510379076
0.001996008213609457
0.0019860626198351383
0.001979878405109048
0.002012263284996152
0.002008575713261962
0.001965799368917942
0.0019619509112089872
0.001995688769966364
0.0019274295773357153
0.0019435788271948695
0.0019822039175778627
0.002090929076075554
0.002014575060456991
0.0019838609732687473
0.0020008867140859365
0.002003077184781432
0.001963564194738865
0.0019852181430906057
0.0020238831639289856
0.0019664012361317873
0.001964894123375416
0.0019691286142915487
0.0019220939138904214
0.002009168267250061
0.002083057537674904
0.0019309769850224257
0.0019947635009884834
0.0019505454692989588
0.001927663222886622
0.0019394849659875035
0.002047574147582054
0.001939806155860424
0.0019693910144269466
0.002008759882301092
0.0020025966223329306
0.0020420514047145844
0.0019585711415857077
0.0019471545238047838
0.0020027116406708956
0.0019736310932785273
0.001970211509615183
0.0019774704705923796
0.0020267837680876255
0.001968380995094776
0.0019762360025197268
0.0018909408245235682
0.0020546624436974525
0.001954298932105303
0.0019847832154482603
0.0019130397122353315
0.0020269928500056267
0.0019917385652661324
0.0019227364100515842
0.001983625115826726
0.001996168866753578
0.001942956354469061
0.0019830381497740746
0.0018516549607738853
0.0019650745671242476
0.002085690153762698
0.001954176928848028
0.0019158818759024143
0.001906229299493134
0.001998234773054719
0.001908833277411759
0.0019270563498139381
0.0019465791992843151
0.0019176448695361614
0.0020246838685125113
0.0020202926825731993
0.0018672398291528225
0.0019245585426688194
0.002008878393098712
0.0019518114859238267
0.0019595182966440916
0.0020183033775538206
0.001956990221515298
0.0018914638785645366
0.0018678101478144526
0.0018457260448485613
0.0019423600751906633
0.0019662240520119667
0.0019037447636947036
0.0019032624550163746
0.0018834404181689024
0.0019879741594195366
0.0018621796043589711
0.0019589143339544535
0.00201214337721467
0.0018888982012867928
0.0019592915195971727
0.0019991870503872633
0.0019630976021289825
0.0019554735627025366
0.0019027463858947158
0.001955633983016014
0.0018896434921771288
0.0018997160950675607
0.0019437253940850496
0.0019276669481769204
0.0020041679963469505
0.001906540826894343
0.0019780388101935387
0.0018785387510433793
0.0019346396438777447
0.001873718691058457
0.0018792967312037945
0.0019091577269136906
0.0019801852758973837
0.0019194601336494088
0.0018871478969231248
0.001969798468053341
0.001893630949780345
0.0019671886693686247
0.001990263583138585
0.0019539878703653812
0.0019704089500010014
0.0019060312770307064
0.0018796517979353666
0.001967009622603655
0.0019471290288493037
0.001852139481343329
0.0019333383534103632
0.0019081163918599486
0.0019738238770514727
0.001904581324197352
0.0018772190669551492
0.0018976278370246291
0.0019527284894138575
0.0019115688046440482
0.0019608058501034975
0.0019317882834002376
0.0019353191601112485
0.0018998932791873813
0.0018843073630705476
0.0019073102157562971
0.001969832694157958
0.0019131471635773778
0.0019080692436546087
0.0018995065474882722
0.001970833633095026
0.002028370276093483
0.001915390370413661
0.0018678936176002026
0.0019257769454270601
0.0018685876857489347
0.001916298409923911
0.0019022151827812195
0.0018848010804504156
0.0019523928640410304
0.0019068870460614562
0.001910691731609404
0.0019451999105513096
0.0018932297825813293
0.0018798999954015017
0.0018661175854504108
0.0019634098280221224
0.0018614812288433313
0.0019619199447333813
0.001933316234499216
0.0018970135133713484
0.0019525099778547883
0.0019215043867006898
0.0019693714566528797
0.001911069848574698
0.0019406701903790236
0.0019511106656864285
0.001875485060736537
0.0018876326503232121
0.0018879312556236982
0.0019364211475476623
0.0019406169885769486
0.0018964021001011133
0.0019142626551911235
0.0019446064252406359
0.001977462787181139
0.0018947719363495708
0.00189217459410429
0.0018478003330528736
0.002020531799644232
0.0018839876865968108
0.001792795374058187
0.0019465251825749874
0.001916563487611711
0.0019239201210439205
0.0019102533115074039
0.0019505490781739354
0.0019102771766483784
0.0019401710014790297
0.001926060183905065
0.0019512693397700787
0.001885778270661831
0.001883327611722052
0.001879196148365736
0.0018882103031501174
0.0019329467322677374
0.001989065669476986
0.0019153556786477566
0.001986702438443899
0.0019925760570913553
0.0019735563546419144
0.0019339981954544783
0.0018985946662724018
0.0018543672049418092
0.0018559948075562716
0.0019120771903544664
0.0018504244508221745
0.0018869563937187195
0.001867758808657527
0.0019545527175068855
0.0018804327119141817
0.002013743855059147
0.001939471228979528
0.001873933244496584
0.0019219638779759407
0.001897280802950263
0.0018651103600859642
0.0018941833404824138
0.0019569990690797567
0.0019418912706896663
0.0019317039987072349
0.0019267856841906905
0.0019410024397075176
0.0018161182524636388
0.001973547274246812
0.0019594000186771154
0.001949130091816187
0.001911635510623455
0.0019418145529925823
0.0018764755222946405
0.001908095902763307
0.0019825445488095284
0.0019263889407739043
0.0019085630774497986
0.0018100668676197529
0.001890346291474998
0.0018031789222732186
0.0018610083498060703
0.0019776285625994205
0.0018687023548409343
0.0018916926346719265
0.0019631695467978716
0.0018598651513457298
0.0019302851287648082
0.0019018487073481083
0.0018395910738036036
0.0018229003762826324
0.001886599464341998
0.0019418664742261171
0.0018600879702717066
0.001975911669433117
0.001907510799355805
0.001881965552456677
0.0019174786284565926
0.001828215317800641
0.0018626562086865306
0.0018584575736895204
0.0019063128856942058
0.0019514091545715928
0.0018960258457809687
0.0018503171158954501
0.00188211421482265
0.0018251149449497461
0.0018288606079295278
0.0019213886698707938
0.0020442346576601267
0.0018794276984408498
0.0019325645407661796
0.0018825652077794075
0.0019127072300761938
0.0018567893421277404
0.0019833617843687534
0.0019163228571414948
0.0018637129105627537
0.0018437557155266404
0.0018771792529150844
0.0019094913732260466
0.0019077506149187684
0.001903174794279039
0.0018487933557480574
0.001891719875857234
0.0018873889930546284
0.0018446133472025394
0.0019429778913035989
0.001930533442646265
0.0019655833020806313
0.0018980337772518396
0.0018483331659808755
0.0019157463684678078
0.001882891054265201
0.0018445353489369154
0.001935256994329393
0.0019166781567037106
0.0018417647806927562
0.001970798010006547
0.0018679351778700948
0.0018341824179515243
0.0018627383979037404
0.0018745559500530362
0.0019209226593375206
0.0018998050363734365
0.0018476089462637901
0.0019286061869934201
0.001884174533188343
0.0018861329881474376
0.0019044637447223067
0.001845099381171167
0.0019384456099942327
0.0018915917025879025
0.0018693607999011874
0.0019039517501369119
0.0019497141474857926
0.0018961869645863771
0.0018855066737160087
0.001917699002660811
0.001925803255289793
0.0018786379368975759
0.0018957853317260742
0.0018745912238955498
0.0018403264693915844
0.0018902912270277739
0.0018323115073144436
0.0019136318005621433
0.0018903373274952173
0.0019162402022629976
0.0018847457831725478
0.001852222834713757
0.0018622296629473567
0.0019382653990760446
0.0018503637984395027
0.001903171418234706
0.001912577310577035
0.001847140141762793
0.001868120627477765
0.0018739646766334772
0.0018728678114712238
0.0019129611318930984
0.0019054205622524023
0.0018889321945607662
0.0018905033357441425
0.0018505071057006717
0.0019366717897355556
0.0019461208721622825
0.0019183455733582377
0.0018838637042790651
0.001940161339007318
0.0018096395069733262
0.0018630591221153736
0.0018902206793427467
0.0019421325996518135
0.0018549002707004547
0.0018634946318343282
0.0019516970496624708
0.0018603194039314985
0.0018426626920700073
0.0018661573994904757
0.0018798639066517353
0.0019369556102901697
0.001990898046642542
0.0018565432401373982
0.0018672534497454762
0.0018991065444424748
0.0018711675656959414
0.0018515128176659346
0.001915043336339295
0.0019520091591402888
0.0018957932479679585
0.0018752889009192586
0.0018762561958283186
0.0018584325443953276
0.001901781652122736
0.0019283518195152283
0.0018918850691989064
0.00188661296851933
0.0018965605413541198
0.0018887898186221719
0.001800532452762127
0.00191806023940444
0.0018915128894150257
0.0018763365224003792
0.001899514812976122
0.0018434725934639573
0.00184379774145782
0.0019204802811145782
0.0018580493051558733
0.001884653465822339
0.0019251899793744087
0.0017984445439651608
0.0018446105532348156
0.0019362915772944689
0.0018139065941795707
0.0018626104574650526
0.0019067756365984678
0.0018845145823433995
0.0019260148983448744
0.0019715651869773865
0.0018336358480155468
0.0019226714503020048
0.0018356089713051915
0.0019304221495985985
0.001795940799638629
0.0018845417071133852
0.0018350203754380345
0.001871296321041882
0.0018167144153267145
0.001925352611579001
0.0019578663632273674
0.001854979433119297
0.0019118672935292125
0.0018693595193326473
0.0018036742694675922
0.0017844607355073094
0.0019107600674033165
0.0018414943479001522
0.00178103381767869
0.0018618120811879635
0.0018690320430323482
0.0018741957610473037
0.0018914106767624617
0.0018843956058844924
0.0017901796381920576
0.001915640546940267
0.001828885404393077
0.0018907253397628665
0.001912068109959364
0.0019282258581370115
0.001872377353720367
0.0018612794810906053
0.001822640304453671
0.0018053281819447875
0.0018655146704986691
0.0018861284479498863
0.0018137082224711776
0.0018726300913840532
0.0018397755920886993
0.0018499710131436586
0.0018902142765000463
0.0018350884784013033
0.0018566529033705592
0.001949298195540905
0.0018224326195195317
0.0019171093590557575
0.0018624577205628157
0.001863526995293796
0.001822007354348898
0.0019040345214307308
0.0018928892677649856
0.0018573050620034337
0.0018800729885697365
0.0019279328407719731
0.001883150078356266
0.0018105730414390564
0.0018355038482695818
0.0018696070183068514
0.0018973441328853369
0.0018512953538447618
0.0018156333826482296
0.0019846262875944376
0.0019216821528971195
0.0019029960967600346
0.0018982039764523506
0.0018786248983815312
0.0019283178262412548
0.0018368513556197286
0.0018069238867610693
0.0018569034291431308
0.0018219195771962404
0.0018867477774620056
0.0017795684980228543
0.0019011362455785275
0.0018363058334216475
0.00196040328592062
0.001848993357270956
0.0018515202682465315
0.0018751771422103047
0.001917411689646542
0.001809401554055512
0.0018686787225306034
0.0018373439088463783
0.0018541718600317836
0.0018470853101462126
0.0018300580559298396
0.0018825005972757936
0.001854298752732575
0.001848780200816691
0.0018322019604966044
0.0018279361538589
0.0018070925725623965
0.0018824603175744414
0.0018795402720570564
0.0018802813719958067
0.0018815952353179455
0.0018401640700176358
0.0018522505415603518
0.0018736767815425992
0.0018639006884768605
0.001798355020582676
0.0018987852381542325
0.0018671819707378745
0.0018788601737469435
0.00192223209887743
0.0018177416641265154
0.001856733695603907
0.0019490879494696856
0.0019546914845705032
0.0018529987428337336
0.001877508475445211
0.001831214176490903
0.0018667003605514765
0.0017994571244344115
0.001856078626587987
0.0018090188968926668
0.0018276413902640343
0.0018474587704986334
0.0018457057885825634
0.0018513534450903535
0.00200705137103796
0.0018457096302881837
0.0018486296758055687
0.0017855275655165315
0.0018218447221443057
0.0018591482657939196
0.0018132057739421725
0.0018904521130025387
0.0018037600675597787
0.0018144994974136353
0.0018452315125614405
0.001944515504874289
0.0018509095534682274
0.001792874070815742
0.001855757785961032
0.001841160818003118
0.0018756582867354155
0.001883787801489234
0.0018458953127264977
0.0018729516305029392
0.001896401634439826
0.0018585307989269495
0.0018638020846992731
0.0019460192415863276
0.0019343626918271184
0.0018594840075820684
0.001927663804963231
0.0017979905242100358
0.0018639374757185578
0.0017905766144394875
0.0018314719200134277
0.001867892686277628
0.001866852748207748
0.0017407729756087065
0.0018070541555061936
0.0018672739388421178
0.001914097461849451
0.0017946744337677956
0.0019031442934647202
0.001832373789511621
0.0019158049253746867
0.0019400987075641751
0.0018963392358273268
0.0017681505996733904
0.0018495309632271528
0.0018712672172114253
0.0018925186013802886
0.0018054104875773191
0.001776980934664607
0.0018761152168735862
0.0019146896665915847
0.001876041409559548
0.0018703475361689925
0.001838712370954454
0.001816583564504981
0.0018931170925498009
0.0018061985028907657
0.0018518210854381323
0.0018587906379252672
0.001870631705969572
0.0017960034310817719
0.0018410177435725927
0.0018453290686011314
0.0019178397487848997
0.001842694589868188
0.0018731777090579271
0.0019188736332580447
0.0017701862379908562
0.0018576675793156028
0.0018879860872402787
0.0018877177499234676
0.0018480526050552726
0.0018893121741712093
0.0017951212357729673
0.001921381801366806
0.0018525415798649192
0.0017933984054252505
0.0018690568394958973
0.001889745588414371
0.0018679084023460746
0.001824372448027134
0.0018320223316550255
0.0018495223484933376
0.001818415243178606
0.0019395743729546666
0.0018704435788094997
0.0017802625661715865
0.0018676156178116798
0.0018683065427467227
0.0019041061168536544
0.0018507600761950016
0.0018034479580819607
0.0017332471907138824
0.001894067507237196
0.001838530763052404
0.001828300766646862
0.00187376094982028
0.0018341350369155407
0.0018788196612149477
0.0018791141919791698
0.0018596627051010728
0.0018136160215362906
0.0018673260929062963
0.0018768911249935627
0.0018674134043976665
0.0019826923962682486
0.00183869490865618
0.001849162275902927
0.0017773485742509365
0.0018154873978346586
0.0018877197289839387
0.001824646140448749
0.0018466190667822957
0.0018231150461360812
0.0018427233444526792
0.001861521159298718
0.0019167548744007945
0.0018324664561077952
0.001992226578295231
0.0018500695005059242
0.0018728129798546433
0.0018211028072983027
0.0018571398686617613
0.0018055227119475603
0.001882303156889975
0.0019310499774292111
0.0018601915799081326
0.001803854014724493
0.0018126963404938579
0.001889013685286045
0.0018497182754799724
0.001871459069661796
0.001967301592230797
0.0017894956981763244
0.0018921589944511652
0.0018303702818229795
0.0018185380613431334
0.001755816163495183
0.0018637299071997404
0.001847392413765192
0.00180030835326761
0.0018124780617654324
0.0018029296770691872
0.0018368953606113791
0.0017783563816919923
0.0018635443411767483
0.0017859574873000383
0.001909942482598126
0.0018247886328026652
0.001847056788392365
0.0019084411906078458
0.0018115810817107558
0.0018607538659125566
0.0018342084949836135
0.0018915358232334256
0.0018644491210579872
0.0017656827112659812
0.0018731164745986462
0.0018661669455468655
0.001848127692937851
0.0018609672551974654
0.0018589006504043937
0.0018350366735830903
0.0017812177538871765
0.0018969736993312836
0.001905391225591302
0.001828648615628481
0.0018673823215067387
0.0018299105577170849
0.0017884958069771528
0.0018650140846148133
0.0017891275929287076
0.001815582043491304
0.0018522085156291723
0.001784712658263743
0.0018394908402115107
0.0018848645268008113
0.001914684777148068
0.001845435705035925
0.0017818014603108168
0.0018850606866180897
0.001787309069186449
0.0018604188226163387
0.001858843956142664
0.0018977628787979484
0.0018080503214150667
0.0017995021771639585
0.001803338062018156
0.0018173146527260542
0.0017980140401050448
0.0018578949384391308
0.0019464200595393777
0.0018969748634845018
0.0017906150314956903
0.0018222822109237313
0.001852303626947105
0.0018603872740641236
0.001855072332546115
0.0018210134003311396
0.0018205625237897038
0.0018229709239676595
0.001793803763575852
0.0018528583459556103
0.0018649727571755648
0.001864357735030353
0.0018299533985555172
0.001892815693281591
0.0018502591410651803
0.0018943395698443055
0.0017821697983890772
0.0019150360021740198
0.0018187329405918717
0.0018478749552741647
0.0018076221458613873
0.0018785025458782911
0.0018581881886348128
0.0018827536841854453
0.0017961655976250768
0.0019287561299279332
0.0018697690684348345
0.001894353306852281
0.001846424536779523
0.0018266965635120869
0.0018121058819815516
0.0018582147313281894
0.001827867585234344
0.0019062358187511563
0.001833640388213098
0.0018046434270218015
0.0018950917292386293
0.0018147138180211186
0.0017977921525016427
0.0019106091931462288
0.00188710808288306
0.001823511440306902
0.001759350416250527
0.0018785656429827213
0.0018199683399870992
0.0018579501193016768
0.0018559375312179327
0.0017811305588111281
0.0018856540555134416
0.001854102942161262
0.0018289713189005852
0.001763710635714233
0.0018179273465648293
0.0019066878594458103
0.0018198047764599323
0.0017689074156805873
0.0018289266154170036
0.0018560076132416725
0.0019146576523780823
0.0019196723587810993
0.00189598323777318
0.0018065589247271419
0.0017706210492178798
0.0018396053928881884
0.0018704013200476766
0.001941354596056044
0.0019068714464083314
0.0018609593389555812
0.0018124267226085067
0.0018432618817314506
0.0017613640520721674
0.0018909098580479622
0.001815096940845251
0.0017953101778402925
0.0018631704151630402
0.0018198898760601878
0.001830516615882516
0.001833371352404356
0.0017763085197657347
0.0017931850161403418
0.0018574660643935204
0.0018311458406969905
0.0018125049537047744
0.0018659436609596014
0.001862787758000195
0.001847536419518292
0.0018591927364468575
0.0018819146789610386
0.0018267686245962977
0.0017995971720665693
0.001852490589953959
0.0018285956466570497
0.0018734527984634042
0.001845162478275597
0.0018459358252584934
0.0018456525867804885
0.0018247478874400258
0.0017541605047881603
0.0017783291405066848
0.0018099371809512377
0.0018709859577938914
0.0017890511080622673
0.001837987918406725
0.0017817646730691195
0.0018251189030706882
0.0018689127173274755
0.0017937320517376065
0.0017929645255208015
0.001874901237897575
0.001864564255811274
0.0018022512085735798
0.001866974518634379
0.0019048196263611317
0.0017912434414029121
0.0017868316499516368
0.0018302799435332417
0.0018538609147071838
0.0018963972106575966
0.0018348172307014465
0.00190362602006644
0.0018220895435661077
0.0018179523758590221
0.0017946388106793165
0.00185471773147583
0.0018725000554695725
0.0018075709231197834
0.0018154868157580495
0.001839734730310738
0.0018304376862943172
0.0018327735597267747
0.0017804291564971209
0.0017823092639446259
0.0019564321264624596
0.0018710877047851682
0.0018479437567293644
0.0018598856404423714
0.0018826423911377788
0.0018066872144117951
0.0018168785609304905
0.001854425179772079
0.001843018690124154
0.0018497417913749814
0.0018197169993072748
0.0018309216247871518
0.0017888648435473442
0.001900965697132051
0.0017833992606028914
0.001868200022727251
0.0018136417493224144
0.0018107907380908728
0.0017751404084265232
0.0018193572759628296
0.001772503717802465
0.0017828228883445263
0.0018413134384900331
0.001866715494543314
0.0018979980377480388
0.0018120462773367763
0.0019402647158131003
0.0018591007683426142
0.0017726118676364422
0.0019212025217711926
0.001758718746714294
0.0018014481756836176
0.0018631198909133673
0.0018282667733728886
0.001745340065099299
0.0017491449834778905
0.0019153216853737831
0.001878515351563692
0.0018319588853046298
0.001825765473768115
0.0018162805354222655
0.0018009424675256014
0.001847817562520504
0.001917536137625575
0.0018137556035071611
0.0018016279209405184
0.0017961281118914485
0.001803234568797052
0.0017847121926024556
0.001748202252201736
0.0018253207672387362
0.0019291334319859743
0.001883980236016214
0.0018298500217497349
0.0017728791572153568
0.0019393255934119225
0.0018233736045658588
0.0018363541457802057
0.0019351068185642362
0.0017519043758511543
0.0018114839913323522
0.0017659988952800632
0.0017680361634120345
0.0018225327366963029
0.0018196911551058292
0.001872939057648182
0.0018220096826553345
0.0017600746359676123
0.0017888735746964812
0.00187395210377872
0.0018530732486397028
0.0017680827295407653
0.0017829801654443145
0.0018050094367936254
0.0017537485109642148
0.0018360547255724669
0.00185077462811023
0.0017960908589884639
0.001901646377518773
0.0018441383726894855
0.0018039611168205738
0.0019103959202766418
0.0019072606228291988
0.001755608944222331
0.0018074898980557919
0.0018184188520535827
0.001796665950678289
0.0018128416268154979
0.0018636627355590463
0.001770307426340878
0.0018360763788223267
0.0018540137680247426
0.0017934291390702128
0.001902959542348981
0.0017596567049622536
0.0018376004882156849
0.0019299527630209923
0.0017576756654307246
0.0017562529537826777
0.0017677480354905128
0.0018272867891937494
0.0018574814312160015
0.001752843614667654
0.001822837395593524
0.0018439848208799958
0.0017742619384080172
0.0018471288494765759
0.0018605764489620924
0.0018328451551496983
0.0018860162235796452
0.0018409788608551025
0.0017892711330205202
0.0018340577371418476
0.0018391204066574574
0.0018802406266331673
0.0019136982737109065
0.0017710684332996607
0.0018349932506680489
0.00181235047057271
0.0018777645891532302
0.0018547612708061934
0.0018245853716507554
0.0018394360085949302
0.0018715884070843458
0.0017774093430489302
0.0018899580463767052
0.0017972008790820837
0.0018723092507570982
0.0018594828434288502
0.0018336825305595994
0.0018491176888346672
0.001823837636038661
0.001850253902375698
0.0018747663125395775
0.001821292331442237
0.001805080915801227
0.0017596818506717682
0.0018309790175408125
0.0017406560946255922
0.001766927889548242
0.001803684514015913
0.0017767692916095257
0.0017685345374047756
0.0018374157370999455
0.0018433397635817528
0.0018006520112976432
0.0018329911399632692
0.0017797776963561773
0.001750366878695786
0.0018640082562342286
0.0017990352353081107
0.0017931999173015356
0.0017901724204421043
0.001887536607682705
0.0018406743183732033
0.0017650882946327329
0.0018567587248981
0.0018250339198857546
0.001798643497750163
0.0018136634025722742
0.0017674233531579375
0.0018082052702084184
0.0018564644269645214
0.001842955476604402
0.001794495154172182
0.00183459697291255
0.0018347400473430753
0.001861672499217093
0.0017802610527724028
0.0018008571350947022
0.0018463149899616838
0.0018989751115441322
0.001767675974406302
0.0018398958491161466
0.0018325300188735127
0.0017710860120132565
0.0018751828465610743
0.001820443314500153
0.0017334509175270796
0.0018369199242442846
0.001852373476140201
0.0018254476599395275
0.001864115009084344
0.0018163489876314998
0.0018128403462469578
0.0018568133236840367
0.0018653175793588161
0.0018442032160237432
0.001849671360105276
0.001842445693910122
0.0019123327219858766
0.0019356162520125508
0.001858656876720488
0.00179915816988796
0.0018310736631974578
0.0017796683823689818
0.0019258984830230474
0.0018015621462836862
0.0018433850491419435
0.0018826423911377788
0.001860764459706843
0.0018876827089115977
0.001844547688961029
0.001832216395996511
0.00182047497946769
0.00182626664172858
0.0018182244384661317
0.0018942271126434207
0.0017682835459709167
0.0018693174934014678
0.0018639473710209131
0.0018907105550169945
0.0018190384143963456
0.0018445776076987386
0.0017843593377619982
0.0018656201427802444
0.0018514532130211592
0.0018119520973414183
0.0017923407722264528
0.001759905368089676
0.0018310309387743473
0.0017991368658840656
0.001796938362531364
0.001804924919269979
0.001799386111088097
0.0017581124557182193
0.0018288760911673307
0.001825084793381393
0.0017569836927577853
0.0018688138807192445
0.0017229501390829682
0.0017954312497749925
0.0017888215370476246
0.0017827529227361083
0.0018644434167072177
0.0018162693595513701
0.0018178964965045452
0.0018286264967173338
0.0018304965924471617
0.0018275133334100246
0.0019333887612447143
0.0018702283268794417
0.0018080207519233227
0.0018104005139321089
0.0018115551210939884
0.001787545857951045
0.0017464703414589167
0.0017912543844431639
0.0018402673304080963
0.0018660032656043768
0.0018057499546557665
0.0018392290221527219
0.0018377774395048618
0.001812514616176486
0.0018521707970649004
0.0018398468382656574
0.001816813601180911
0.0018821870908141136
0.0018736205529421568
0.001816082396544516
0.001780704827979207
0.001806293148547411
0.001831559929996729
0.0017656758427619934
0.0018378840759396553
0.0017746348166838288
0.001793679897673428
0.0017735480796545744
0.001819566823542118
0.0017889058217406273
0.0017711479449644685
0.001843334874138236
0.0018393576610833406
0.0017628298373892903
0.0017940071411430836
0.0018698744243010879
0.0017556004459038377
0.0018331169849261642
0.0018549560336396098
0.0017941663973033428
0.0017300747567787766
0.001771606970578432
0.001843161298893392
0.0018221645150333643
0.0017910617170855403
0.0017705021891742945
0.0018987753428518772
0.0018046497134491801
0.0018010569037869573
0.0018225588137283921
0.0017333491705358028
0.001836873241700232
0.001917683519423008
0.0017790596466511488
0.0017952448688447475
0.0018625323427841067
0.0018091469537466764
0.0019069318659603596
0.0018551656976342201
0.001799094257876277
0.0018217426259070635
0.0017802960937842727
0.0017694118432700634
0.0018151552649214864
0.0016966210678219795
0.001820767531171441
0.0018121966859325767
0.0018014928791671991
0.0017948397435247898
0.0018085287883877754
0.0018902092706412077
0.0017846807604655623
0.0018193068681284785
0.0017826131079345942
0.0018403546418994665
0.0017922164406627417
0.0018101248424500227
0.001852513407357037
0.0017675026319921017
0.0018492029048502445
0.0018074106192216277
0.0017853396711871028
0.0018402200657874346
0.0018497421406209469
0.001886341837234795
0.0018279104260727763
0.0018037431873381138
0.001880764844827354
0.001822574296966195
0.0018247890984639525
0.0018066595075652003
0.0018170429393649101
0.0018227462423965335
0.001734226942062378
0.0018470373470336199
0.0018602240597829223
0.0018893282394856215
0.0018064947798848152
0.0017921325052157044
0.0018308933358639479
0.0019221329130232334
0.0017824929673224688
0.001832350972108543
0.0018650497077032924
0.0017386728432029486
0.0018848783802241087
0.0017883533146232367
0.0018586147343739867
0.0018010616768151522
0.0018077283166348934
0.0018364303978160024
0.0018205249216407537
0.001803806284442544
0.0018355518113821745
0.0017292746342718601
0.00182151619810611
0.0018435590900480747
0.0017398115014657378
0.0017879358492791653
0.0018338988302275538
0.0017888565780594945
0.0017766988603398204
0.0017386428080499172
0.001776970806531608
0.0018073971150442958
0.0017821189248934388
0.0019017952727153897
0.0017803930677473545
0.0017587336478754878
0.0017853467725217342
0.001829686458222568
0.0018831674242392182
0.0017772577702999115
0.0018166950903832912
0.0018552232068032026
0.001825980725698173
0.0018262551166117191
0.001800991129130125
0.0017691205721348524
0.0017639200668781996
0.0017179506830871105
0.0017865538829937577
0.0017959163524210453
0.0018304124241694808
0.0018564262427389622
0.0017784793162718415
0.0017894497141242027
0.0018258290365338326
0.001880411640740931
0.0017434790497645736
0.0017872611060738564
0.0017648772336542606
0.0017755675362423062
0.00180678756441921
0.001796530093997717
0.0018766983412206173
0.0018071435624733567
0.0018622392090037465
0.0019005760550498962
0.0017800602363422513
0.001791626214981079
0.0018265843391418457
0.0018569485982879996
0.001817504409700632
0.001801197649911046
0.0018075986299663782
0.001778462785296142
0.001726242946460843
0.001782246632501483
0.001833524089306593
0.001778769539669156
0.0018151113763451576
0.0017913123592734337
0.0017748248064890504
0.0018514660187065601
0.0017385637620463967
0.001889816834591329
0.0018583122873678803
0.0018990518292412162
0.0017505947034806013
0.001813025213778019
0.0018417476676404476
0.0017966012237593532
0.0017923080595210195
0.0017723547061905265
0.0017638152930885553
0.0018311801832169294
0.001841011457145214
0.0017681695753708482
0.0017387919360771775
0.001774508855305612
0.001820803852751851
0.0017521163681522012
0.001814168062992394
0.0017856560880318284
0.0017735915025696158
0.0017711757682263851
0.0018136723665520549
0.0018557453295215964
0.001784982974641025
0.0017893225885927677
0.0017913819756358862
0.001823853119276464
0.0017933365888893604
0.0017888584407046437
0.0018230408895760775
0.001813324517570436
0.0018687450792640448
0.0018583785276859999
0.001842645462602377
0.0018471137154847383
0.0017626547487452626
0.0018517309799790382
0.0018423795700073242
0.0017163705779239535
0.0017845466500148177
0.0017057708464562893
0.00179548398591578
0.00177102314773947
0.001762996893376112
0.0017727160593494773
0.0018294082256034017
0.0017204269533976912
0.001850023167207837
0.0017475128406658769
0.0018463076557964087
0.0018110000528395176
0.00185824790969491
0.00185580481775105
0.0018730583833530545
0.0018258951604366302
0.0018263846868649125
0.001802691025659442
0.0017001554369926453
0.0018133452394977212
0.0018427600152790546
0.0017835397738963366
0.0018722594249993563
0.0018547108629718423
0.0017952343914657831
0.00182821461930871
0.0018036850960925221
0.0017220150912180543
0.0017868236172944307
0.0018135879654437304
0.0017655560513958335
0.0018069876823574305
0.0017772451974451542
0.0017806905088946223
0.0017729699611663818
0.0018359768437221646
0.0018458381528034806
0.0018731201998889446
0.001857962110079825
0.0018138177692890167
0.001844399725086987
0.001807573833502829
0.0018188214162364602
0.0017865565605461597
0.0018124766647815704
0.001805080915801227
0.0017222705064341426
0.0017961724661290646
0.0018116631545126438
0.001828228821977973
0.0018518997821956873
0.0018417318351566792
0.001822559512220323
0.0018173702992498875
0.0017509064637124538
0.001695402548648417
0.0017874108161777258
0.0018930577207356691
0.0018381088739261031
0.001852080225944519
0.0017682664329186082
0.001860914402641356
0.0018009936902672052
0.001731299445964396
0.0017855128971859813
0.001874073757790029
0.0018558360170572996
0.0018363308627158403
0.0018390482291579247
0.0018776807701215148
0.0018601517658680677
0.0018352947663515806
0.001839652075432241
0.0017602561274543405
0.001846559694968164
0.001831450150348246
0.0018472931114956737
0.0017286819638684392
0.001817612792365253
0.0018030351493507624
0.0017929653404280543
0.0017703917110338807
0.0018151995027437806
0.0018403736175969243
0.0018295764457434416
0.0018289268482476473
0.0017653410322964191
0.001785196946002543
0.0018008553888648748
0.0017887231661006808
0.001756157842464745
0.0016972821904346347
0.0017853740137070417
0.0018989144591614604
0.0017610463546589017
0.0017920522950589657
0.0017996430397033691
0.0017322807107120752
0.0017181119183078408
0.0018371976912021637
0.0018619305919855833
0.0017363217193633318
0.0018330757739022374
0.0018212157301604748
0.0017893387703225017
0.0018235348397865891
0.0018241247162222862
0.0018448897171765566
0.0017731228144839406
0.001774430158548057
0.0017972111236304045
0.001840915996581316
0.0017965971492230892
0.0018790466710925102
0.0017628120258450508
0.0018332547042518854
0.0017771695274859667
0.0017249233787879348
0.0017458380898460746
0.0018680874491110444
0.0018152702832594514
0.001847927924245596
0.0017988901818171144
0.0018211784772574902
0.0017812508158385754
0.0018056087428703904
0.0018292291788384318
0.0018018463160842657
0.0018739819061011076
0.0018017843831330538
0.0017367562977597117
0.0017812238074839115
0.0018148493254557252
0.0017496453365311027
0.001799367950297892
0.0017768662655726075
0.0017769881524145603
0.001758274156600237
0.0017469306476414204
0.0017536430386826396
0.001780173508450389
0.001811812981031835
0.0017979569965973496
0.0018824009457603097
0.0018258824711665511
0.001825905404984951
0.0018162020714953542
0.0017530934419482946
0.0018089029472321272
0.0018098371801897883
0.0017868673894554377
0.0017762428615242243
0.0018070160876959562
0.0017786364769563079
0.0017946448642760515
0.001823407132178545
0.0018655939493328333
0.0018112139077857137
0.0017573105869814754
0.0018690393771976233
0.0018267056439071894
0.0018220905913040042
0.001769802998751402
0.0018002238357439637
0.0017432041931897402
0.0017955255461856723
0.001752513344399631
0.0017778134206309915
0.0017722782213240862
0.0018415399827063084
0.001753667602315545
0.0018797335214912891
0.0018046650802716613
0.0018368597375229
0.0017418930074200034
0.0018391362391412258
0.0018101228633895516
0.0017791225109249353
0.0017553577199578285
0.0018026265315711498
0.001841836259700358
0.0017856125487014651
0.0018477174453437328
0.0018557197181507945
0.0018572702538222075
0.0018708126153796911
0.0017318746540695429
0.0018705592956393957
0.0018555156420916319
0.0017971225315704942
0.0018166708759963512
0.0017643814207985997
0.0017826268449425697
0.0018566744402050972
0.0018064104951918125
0.00181667972356081
0.0017381332581862807
0.001841854304075241
0.001889411243610084
0.0018132898258045316
0.0018399027176201344
0.001766224391758442
0.0017529032193124294
0.0017876788042485714
0.0017558480612933636
0.0018481754232198
0.00180621980689466
0.0018430347554385662
0.00174738559871912
0.001810031826607883
0.0017851499142125249
0.0017310804687440395
0.001774353557266295
0.0018189463298767805
0.0018122120527550578
0.001810364774428308
0.0018266792176291347
0.0018026838079094887
0.001780500984750688
0.0017950093606486917
0.0017668991349637508
0.0017995870439335704
0.0017671179957687855
0.0017719392199069262
0.0017952841008082032
0.0017752291169017553
0.0018170673865824938
0.0018141510663554072
0.0017440181691199541
0.0017621334409341216
0.0017839084612205625
0.0019096632022410631
0.0017611702205613256
0.0018099620938301086
0.0017711600521579385
0.0016693020006641746
0.0017832645680755377
0.0017079204553738236
0.0017740868497639894
0.001829938031733036
0.001827841391786933
0.001749178278259933
0.0017979800468310714
0.0018123803893104196
0.001761620631441474
0.0019075589952990413
0.0018382123671472073
0.001809626934118569
0.0017848354764282703
0.0017475720960646868
0.0018518530996516347
0.0018056672997772694
0.0018172964919358492
0.001765037071891129
0.0017797217005863786
0.0017866543494164944
0.0017951854970306158
0.0018322382820770144
0.0017836993793025613
0.0017919257516041398
0.0017834566533565521
0.0017929726745933294
0.001798656303435564
0.001768070156686008
0.001765368040651083
0.00176616373937577
0.0017334300791844726
0.0017661075107753277
0.0017507420852780342
0.001800444908440113
0.0018188536632806063
0.001811112044379115
0.0017276593716815114
0.0018203465733677149
0.001803856692276895
0.0018133154371753335
0.0017859030049294233
0.0017957034287974238
0.001835477538406849
0.0018112428952008486
0.0017953563947230577
0.0017907069995999336
0.0018037364352494478
0.0017758755711838603
0.0018561872420832515
0.0018055997788906097
0.001762507250532508
0.001848220475949347
0.0018601615447551012
0.001765910186804831
0.0017026999266818166
0.00172801548615098
0.0018750273156911135
0.001864747260697186
0.0017234620172530413
0.0018088908400386572
0.0017397573683410883
0.0018416743259876966
0.0017632750095799565
0.0018586697988212109
0.0018489171052351594
0.001772063784301281
0.0017531312769278884
0.0016748924972489476
0.0017980171833187342
0.0017490105237811804
0.0018026364268735051
0.0018750225426629186
0.001773338415659964
0.0018443234730511904
0.001802517450414598
0.0017981400014832616
0.0017795679159462452
0.0017942349659278989
0.0018325421260669827
0.0018045799806714058
0.0017808728152886033
0.0017597760306671262