0.0003601270145736635
0.005007990635931492
0.04067925363779068
0.05945786461234093
0.06510284543037415
0.0681290403008461
0.07186225056648254
0.07376579940319061
0.07421141862869263
0.07313313335180283
0.07969480752944946
0.07673272490501404
0.07546783983707428
0.07573239505290985
0.07763384282588959
0.07935618609189987
0.07691515982151031
0.07939182966947556
0.08214879035949707
0.08081024885177612
0.07950769364833832
0.08071020990610123
0.08156286180019379
0.07984533905982971
0.079688161611557
0.07991301268339157
0.0783994123339653
0.0799846276640892
0.07671722769737244
0.08044693619012833
0.07856708019971848
0.07933925092220306
0.07769110053777695
0.0792827159166336
0.08078006654977798
0.08008424937725067
0.08125727623701096
0.08253288269042969
0.08246725052595139
0.07851484417915344
0.07699623703956604
0.07962501794099808
0.07872369885444641
0.07868971675634384
0.08063558489084244
0.07839605957269669
0.08024310320615768
0.08028179407119751
0.08037176728248596
0.08087896555662155
0.07956381142139435
0.07705248147249222
0.07912180572748184
0.0789542868733406
0.0791846364736557
0.07947821170091629
0.0779256820678711
0.08180069923400879
0.08305301517248154
0.07694592326879501
0.08030543476343155
0.08402150869369507
0.07989844679832458
0.0781012699007988
0.07974478602409363
0.08187495917081833
0.07593515515327454
0.08268169313669205
0.08022739738225937
0.07781890779733658
0.08344518393278122
0.07967595756053925
0.07960314303636551
0.08039846271276474
0.08027906715869904
0.07786887884140015
0.08096536993980408
0.08004264533519745
0.08045194298028946
0.07845783978700638
0.08098737895488739
0.08187737315893173
0.08022699505090714
0.08157192170619965
0.08061347156763077
0.08000080287456512
0.08115476369857788
0.0811145007610321
0.0754041075706482
0.07763342559337616
0.08151483535766602
0.08217907696962357
0.0817660391330719
0.07955925166606903
0.08180131018161774
0.08083892613649368
0.07912115752696991
0.07867000252008438
0.07852253317832947
0.08061298727989197
0.08370362222194672
0.08292433619499207
0.08205724507570267
0.0847591757774353
0.08017314970493317
0.08442428708076477
0.08342871069908142
0.07976485788822174
0.08183379471302032
0.08128349483013153
0.08259936422109604
0.08010230958461761
0.07875122874975204
0.0797802284359932
0.0777844712138176
0.07592696696519852
0.08393985033035278
0.08199842274188995
0.08003919571638107
0.08319234848022461
0.0780099481344223
0.08015064895153046
0.08157487213611603
0.08101736009120941
0.08010466396808624
0.08308195322751999
0.07722394168376923
0.07976487278938293
0.08300863206386566
0.07965376228094101
0.08081286400556564
0.0779145285487175
0.08056935667991638
0.08110098540782928
0.08181632310152054
0.07614175230264664
0.08151258528232574
0.07779869437217712
0.0814579650759697
0.0805787593126297
0.07963545620441437
0.07837847620248795
0.08010594546794891
0.07890189439058304
0.08064788579940796
0.08098936825990677
0.07911209762096405
0.08402891457080841
0.0833946019411087
0.08343157172203064
0.08100539445877075
0.07957722991704941
0.07786334306001663
0.08140121400356293
0.0834714025259018
0.08258119225502014
0.0785866230726242
0.0799504816532135
0.07810734957456589
0.0811123177409172
0.08037954568862915
0.07898600399494171
0.07924953103065491
0.08115898072719574
0.08005029708147049
0.07950805127620697
0.08246149867773056
0.07854786515235901
0.08280712366104126
0.0787496343255043
0.07994034141302109
0.08001512289047241
0.07934582978487015
0.07943045347929001
0.0812336727976799
0.08327826857566833
0.07954762130975723
0.07836414128541946
0.07807782292366028
0.079653300344944
0.07723281532526016
0.08311520516872406
0.08100012689828873
0.07780821621417999
0.07967127114534378
0.0817079171538353
0.08497682213783264
0.08043310046195984
0.07781951874494553
0.08412521332502365
0.07823490351438522
0.08011385053396225
0.08155222982168198
0.08139747381210327
0.08194869756698608
0.08122311532497406
0.07599998265504837
0.07729779928922653
0.08156293630599976
0.08463433384895325
0.08179457485675812
0.08132811635732651
0.07901368290185928
0.08241476863622665
0.08242768049240112
0.08253303170204163
0.07889755070209503
0.08187945187091827
0.07832017540931702
0.07895386219024658
0.08014354854822159
0.08031317591667175
0.08072767406702042
0.07817716896533966
0.07998468726873398
0.08557786047458649
0.07804335653781891
0.07899361848831177
0.07927761226892471
0.08096681535243988
0.08320232480764389
0.07945218682289124
0.08110986649990082
0.08044829964637756
0.08068667352199554
0.08227484673261642
0.0773656815290451
0.08110646903514862
0.08414959907531738
0.08096469938755035
0.08177896589040756
0.08018878847360611
0.08324126899242401
0.08293391019105911
0.08337961882352829
0.08119184523820877
0.08241364359855652
0.0783843919634819
0.08170165121555328
0.08194953203201294
0.07832808792591095
0.07988228648900986
0.08161859214305878
0.08039447665214539
0.07931758463382721
0.08220066875219345
0.08254918456077576
0.08278437703847885
0.07829586416482925
0.0825013741850853
0.08283118158578873
0.08339375257492065
0.08118782192468643
0.07912411540746689
0.08045312762260437
0.08089146763086319
0.0851113572716713
0.08446340262889862
0.08052948862314224
0.07984621077775955
0.08180013298988342
0.08517497032880783
0.08236731588840485
0.07749481499195099
0.0852908045053482
0.08315715193748474
0.08199575543403625
0.0818433091044426
0.08005987107753754
0.07886610180139542
0.08350018411874771
0.07950425148010254
0.08091075718402863
0.08376921713352203
0.07953736186027527
0.08259940892457962
0.08170966058969498
0.08012859523296356
0.079179547727108
0.08244378119707108
0.07896001636981964
0.08274798095226288
0.07847863435745239
0.07820877432823181
0.0814739316701889
0.07887234538793564
0.08234558999538422
0.07880587875843048
0.08151684701442719
0.08147025108337402
0.07805237919092178
0.08258641511201859
0.0843171700835228
0.08074671775102615
0.0778704434633255
0.08010561019182205
0.08048588782548904
0.08103867620229721
0.08263331651687622
0.08037117123603821
0.0797220915555954
0.0821620300412178
0.07943445444107056
0.08347316831350327
0.08376683294773102
0.07875189185142517
0.07654178887605667
0.08024878799915314
0.07976243644952774
0.07851836830377579
0.08278614282608032
0.08096612989902496
0.08192543685436249
0.08017800003290176
0.07860409468412399
0.08100039511919022
0.0815662369132042
0.07976262271404266
0.083272784948349
0.0819636657834053
0.07940736413002014
0.08141955733299255
0.08265525847673416
0.07871299237012863
0.08448286354541779
0.07957333326339722
0.08237044513225555
0.08067045360803604
0.08018866181373596
0.08235465735197067
0.08111909031867981
0.0817103311419487
0.07921386510133743
0.07972654700279236
0.08393082767724991
0.0799056887626648
0.07860936969518661
0.08372384309768677
0.08143499493598938
0.07925441116094589
0.08490372449159622
0.08198406547307968
0.08409332484006882
0.07950158417224884
0.08130385726690292
0.07994069904088974
0.080526202917099
0.08035854250192642
0.08152509480714798
0.08060063421726227
0.08439832925796509
0.08243758231401443
0.08183689415454865
0.08211862295866013
0.07938682287931442
0.07975955307483673
0.08251108229160309
0.08006703108549118
0.0806727483868599
0.08060377836227417
0.08213498443365097
0.08114463090896606
0.0762740969657898
0.07941015064716339
0.08244875818490982
0.07771392166614532
0.08273333311080933
0.07929589599370956
0.078156977891922
0.07794253528118134
0.07865195721387863
0.08140532672405243
0.07951910048723221
0.07884041965007782
0.08215080201625824
0.08220303803682327
0.08563338220119476
0.08041118830442429
0.08462269604206085
0.07821767032146454
0.08138293027877808
0.08153510093688965
0.07868435233831406
0.08131664991378784
0.07874744385480881
0.08539441227912903
0.08043262362480164
0.08079038560390472
0.0805450975894928
0.08154819160699844
0.082006074488163
0.0797547996044159
0.08157634735107422
0.0815129280090332
0.0792028158903122
0.08072111755609512
0.08117613941431046
0.08597924560308456
0.08038848638534546
0.08320657908916473
0.08265338093042374
0.0841696709394455
0.08250941336154938
0.08223356306552887
0.08093582093715668
0.08025568723678589
0.08097535371780396
0.08144102990627289
0.08051923662424088
0.08169112354516983
0.08305484801530838
0.07893235236406326
0.08346479386091232
0.08196531236171722
0.07998117804527283
0.07968256622552872
0.08167485147714615
0.08164951950311661
0.08438420295715332
0.08345899730920792
0.08262714743614197
0.08413276076316833
0.08057910203933716
0.08227862417697906
0.08345028012990952
0.08054788410663605
0.0799529030919075
0.08179814368486404
0.08160779625177383
0.081718809902668
0.08123857527971268
0.07889765501022339
0.08273419737815857
0.0810202807188034
0.08210700005292892
0.08291304856538773
0.08292790502309799
0.08309167623519897
0.08019620180130005
0.08211605250835419
0.08002593368291855
0.08020902425050735
0.08148084580898285
0.07515931874513626
0.08010122925043106
0.08293271064758301
0.08138401061296463
0.07816459238529205
0.08113311976194382
0.08237659186124802
0.08115110546350479
0.07855118811130524
0.08075178414583206
0.08092060685157776
0.08336686342954636
0.08509863168001175
0.07760265469551086
0.08193371444940567
0.08346118032932281
0.08167385309934616
0.08149058371782303
0.08324494957923889
0.080589160323143
0.07875531911849976
0.07644499093294144
0.07894954085350037
0.08068898320198059
0.08153221011161804
0.07844316214323044
0.07767338305711746
0.07834272086620331
0.0831480324268341
0.08108912408351898
0.0817132443189621
0.08561494946479797
0.07898621261119843
0.08071576058864594
0.08415289223194122
0.08141213655471802
0.08071065694093704
0.08158300071954727
0.08054954558610916
0.0828351303935051
0.08010803908109665
0.08158176392316818
0.0820288360118866
0.08156677335500717
0.08069362491369247
0.08173001557588577
0.07938916981220245
0.07810123264789581
0.07844675332307816
0.07954597473144531
0.08127132058143616
0.08453621715307236
0.0810496062040329
0.08032186329364777
0.08324088156223297
0.07959748804569244
0.08220106363296509
0.08297896385192871
0.08320960402488708
0.08465621620416641
0.0788937658071518
0.07964300364255905
0.0820385068655014
0.07953313738107681
0.07708477228879929
0.08317603915929794
0.0785113200545311
0.08404701948165894
0.0790896937251091
0.08103294670581818
0.08012359589338303
0.08304878324270248
0.08222460001707077
0.08240003883838654
0.08041733503341675
0.07926060259342194
0.07944338023662567
0.08007077127695084
0.08046944439411163
0.08156748861074448
0.07969782501459122
0.07965674251317978
0.08121888339519501
0.08099320530891418
0.08530905097723007
0.08232313394546509
0.08078798651695251
0.08045567572116852
0.07945413142442703
0.07955407351255417
0.08033416420221329
0.07891157269477844
0.08317708224058151
0.0799260213971138
0.08133534342050552
0.08163581043481827
0.08042784780263901
0.07954998314380646
0.07836540043354034
0.08329896628856659
0.0778447687625885
0.0823710709810257
0.08161145448684692
0.08075687289237976
0.08257590979337692
0.08048350363969803
0.08396618068218231
0.07946103066205978
0.08285550028085709
0.08196273446083069
0.07909549027681351
0.08150508999824524
0.07982893288135529
0.08215560764074326
0.08411560207605362
0.08412584662437439
0.08018673211336136
0.08424223959445953
0.08474189043045044
0.08081060647964478
0.08002561330795288
0.07875306904315948
0.08384885638952255
0.08118541538715363
0.07832252234220505
0.08216752856969833
0.08244071900844574
0.08147048205137253
0.07909500598907471
0.08391564339399338
0.08227365463972092
0.08359100669622421
0.08058694750070572
0.08492320775985718
0.07915996760129929
0.07887382805347443
0.07861454784870148
0.07969345152378082
0.08226390928030014
0.08421493321657181
0.08036024868488312
0.08450910449028015
0.0850096121430397
0.08123160153627396
0.08331573754549026
0.08058422803878784
0.07789627462625504
0.08143067359924316
0.08070684224367142
0.07951628416776657
0.08042382448911667
0.07794132828712463
0.08042468875646591
0.08161259442567825
0.08789201825857162
0.08581474423408508
0.08216911554336548
0.08241339772939682
0.08090778440237045
0.08164998888969421
0.08120343834161758
0.08574701100587845
0.08333782851696014
0.0817217156291008
0.08190695941448212
0.085355244576931
0.07577629387378693
0.08409213274717331
0.0826328843832016
0.08299282193183899
0.07978758215904236
0.08130853623151779
0.08193990588188171
0.08222097158432007
0.08317583799362183
0.08150734752416611
0.08064501732587814
0.07857947051525116
0.0816081166267395
0.07729718834161758
0.07806320488452911
0.08346240222454071
0.0802389606833458
0.08099256455898285
0.08442369103431702
0.08114509284496307
0.0809590220451355
0.07926008105278015
0.07942794263362885
0.07878072559833527
0.08251158893108368
0.08235045522451401
0.08125185966491699
0.08461611717939377
0.08069619536399841
0.08149893581867218
0.07917256653308868
0.07980198413133621
0.07931013405323029
0.07925647497177124
0.08204618096351624
0.08270817995071411
0.0800204947590828
0.0806533694267273
0.08112450689077377
0.0817926675081253
0.07861072570085526
0.08105611056089401
0.0884193480014801
0.08408553898334503
0.08153435587882996
0.07886790484189987
0.08278611302375793
0.08005852997303009
0.08352591842412949
0.08112877607345581
0.08064351975917816
0.08068561553955078
0.0814468115568161
0.08268655091524124
0.08346942812204361
0.08334210515022278
0.08153881877660751
0.07984928786754608
0.08195289969444275
0.07958012819290161
0.08244422823190689
0.0829511359333992
0.08289679884910583
0.08271974325180054
0.07864314317703247
0.08147097378969193
0.08201201260089874
0.08257061243057251
0.08215226233005524
0.08385909348726273
0.07906564325094223
0.08388012647628784
0.07941711694002151
0.08209758996963501
0.0809248760342598
0.08056166023015976
0.08281651139259338
0.08313316106796265
0.07989022135734558
0.08218217641115189
0.08162400126457214
0.08110900223255157
0.08483649045228958
0.08141139894723892
0.08336760848760605
0.08051992207765579
0.08015982806682587
0.08247926831245422
0.08331982791423798
0.08022519201040268
0.08276750892400742
0.0798199251294136
0.08311033248901367
0.08260048925876617
0.08308542519807816
0.08131136000156403
0.08078756183385849
0.0777810588479042
0.07992678135633469
0.08007055521011353
0.0806126818060875
0.08293535560369492
0.0796426311135292
0.08232364058494568
0.08136230707168579
0.08237890899181366
0.08151015639305115
0.08196550607681274
0.08087167888879776
0.08052250742912292
0.08182356506586075
0.07792896777391434
0.0812753364443779
0.08356975764036179
0.08071283251047134
0.08146359771490097
0.08232222497463226
0.0812494307756424
0.08424942195415497
0.08503883332014084
0.08314523845911026
0.08447404205799103
0.0835450142621994
0.07948949187994003
0.08256512880325317
0.08011532574892044
0.08538439124822617
0.08098458498716354
0.08200676739215851
0.08301053196191788
0.08003302663564682
0.0803646594285965
0.0808655321598053
0.07940074056386948
0.08255164325237274
0.08391166478395462
0.08214746415615082
0.08281207829713821
0.07982096076011658
0.08316124230623245
0.08072097599506378
0.08276689797639847
0.08134317398071289
0.08016237616539001
0.08001045882701874
0.08252792060375214
0.08133088797330856
0.08382435888051987
0.0849764347076416
0.08282546699047089
0.08273181319236755
0.08108928799629211
0.08250150829553604
0.07960884273052216
0.08115530759096146
0.08221419155597687
0.08078214526176453
0.08067604154348373
0.08257153630256653
0.07963170856237411
0.08435743302106857
0.08102498948574066
0.0828082263469696
0.08322082459926605
0.0779150053858757
0.08005563914775848
0.08222046494483948
0.07993234694004059
0.08377645164728165
0.08487911522388458
0.08247647434473038
0.08369109034538269
0.0840509831905365
0.07760684192180634
0.08441682904958725
0.07997231185436249
0.07971814274787903
0.07818037271499634
0.08353643119335175
0.08216693252325058
0.0852522924542427
0.08094394952058792
0.08216390758752823
0.0856103003025055
0.08075066655874252
0.0824219211935997
0.08080554753541946
0.07978618890047073
0.08108612895011902
0.08201141655445099
0.0851522758603096
0.0802633985877037
0.08038787543773651
0.08345407247543335
0.08138339221477509
0.08296810835599899
0.0824609100818634
0.07997369021177292
0.08581812679767609
0.08251786231994629
0.08137989044189453
0.08458760380744934
0.08343252539634705
0.08088284730911255
0.08289133012294769
0.07832632213830948
0.07881087064743042
0.08122117817401886
0.08234122395515442
0.07902427762746811
0.08073325455188751
0.08066155761480331
0.08208304643630981
0.0832240954041481
0.0790831670165062
0.08103708922863007
0.08501502871513367
0.07853006571531296
0.08442225307226181
0.08178966492414474
0.08212950080633163
0.07934925705194473
0.08422636240720749
0.08127859979867935
0.08086557686328888
0.08175869286060333
0.08380946516990662
0.08176783472299576
0.08033128827810287
0.08194975554943085
0.08166728913784027
0.08035442978143692
0.08175913989543915
0.08135329931974411
0.08482787758111954
0.08507831394672394
0.08094877004623413
0.08470284193754196
0.08204449713230133
0.08393114060163498
0.07983832061290741
0.07900608330965042
0.08071733266115189
0.07953207194805145
0.081316277384758
0.07912517338991165
0.08130444586277008
0.08049821853637695
0.0875905230641365
0.08129823952913284
0.08065856993198395
0.0809522420167923
0.08461344987154007
0.07982580363750458
0.08235065639019012
0.08092708885669708
0.08509162068367004
0.07946883141994476
0.07771414518356323
0.08172862231731415
0.08304636180400848
0.07936249673366547
0.0813075602054596
0.0792236253619194
0.08031800389289856
0.08333604037761688
0.08142530173063278
0.08179202675819397
0.08302095532417297
0.08270134031772614
0.0812511146068573
0.0806766003370285
0.08356459438800812
0.08070256561040878
0.08312539756298065
0.0854979157447815
0.08177385479211807
0.08497799932956696
0.08211033791303635
0.08172320574522018
0.08442404121160507
0.08517178893089294
0.08197848498821259
0.08347830176353455
0.08015444874763489
0.08103623241186142
0.07974273711442947
0.08151271194219589
0.07811366766691208
0.08003421872854233
0.07932907342910767
0.08250361680984497
0.0807853639125824
0.08779723942279816
0.08104297518730164
0.0800386518239975
0.08073385059833527
0.07878603041172028
0.08390570431947708
0.08126819878816605
0.08364325761795044
0.07846046984195709
0.08245029300451279
0.07964680343866348
0.08696991950273514
0.08061449229717255
0.0782051682472229
0.08137046545743942
0.08176364004611969
0.08413457125425339
0.08216049522161484
0.08271031081676483
0.08217553794384003
0.08329099416732788
0.08318810164928436
0.08387292921543121
0.08209862560033798
0.08425216376781464
0.08143949508666992
0.08536038547754288
0.08102511614561081
0.081296406686306
0.08024593442678452
0.08077476173639297
0.08379282057285309
0.08229610323905945
0.08028688281774521
0.08024907112121582
0.08240344375371933
0.08475585281848907
0.07922171801328659
0.08475270867347717
0.081533282995224
0.08262695372104645
0.08353124558925629
0.08245904743671417
0.07671865820884705
0.08264914155006409
0.08206269145011902
0.08267941325902939
0.07991166412830353
0.07862242311239243
0.08340638875961304
0.0851593092083931
0.08397030830383301
0.08285856992006302
0.08173268288373947
0.08059754222631454
0.08261711895465851
0.08127815276384354
0.08380835503339767
0.08455636352300644
0.08055246621370316
0.08002081513404846
0.08069141209125519
0.08010762929916382
0.08165217190980911
0.08018115907907486
0.0819622352719307
0.08265968412160873
0.07891806960105896
0.08323659747838974
0.08246022462844849
0.08399998396635056
0.08129406720399857
0.08238948881626129
0.08145558089017868
0.08250784128904343
0.08185453712940216
0.08038761466741562
0.08373598754405975
0.08619440346956253
0.08390184491872787
0.08023663610219955
0.07986383140087128
0.08230852335691452
0.08060067147016525
0.08422616869211197
0.08191399276256561
0.07798817753791809
0.08147454261779785
0.08154721558094025
0.08290870487689972
0.08357503265142441
0.08038634061813354
0.08014453947544098
0.08081936091184616
0.08108768612146378
0.08136188238859177
0.0833655372262001
0.0820622369647026
0.08402443677186966
0.081822469830513
0.0834292620420456
0.08201541751623154
0.08150328695774078
0.08200570195913315
0.08138620108366013
0.08623544871807098
0.07971735298633575
0.08178636431694031
0.07908055186271667
0.07965585589408875
0.08208863437175751
0.08043399453163147
0.08226380497217178
0.08281319588422775
0.07911726087331772
0.08216377347707748
0.08329316973686218
0.08209876716136932
0.08743640780448914
0.08157160878181458
0.08316843956708908
0.08143148571252823
0.07978555560112
0.0819748118519783
0.08304384350776672
0.08425769954919815
0.08296413719654083
0.07899168133735657
0.08230465650558472
0.08498621731996536
0.08332351595163345
0.08191737532615662
0.08585705608129501
0.08044859021902084
0.08414087444543839
0.08090361952781677
0.08158083260059357
0.07761235535144806
0.08503593504428864
0.08157248795032501
0.08131837099790573
0.08049078285694122
0.07901404052972794
0.08184187114238739
0.07736604660749435
0.08125341683626175
0.08099906891584396
0.08338131010532379
0.07917652279138565
0.08454479277133942
0.08438332378864288
0.08029137551784515
0.08269960433244705
0.08105774968862534
0.08406676352024078
0.08258779346942902
0.0796920508146286
0.08410147577524185
0.083224818110466
0.08144307136535645
0.08216504007577896
0.0811404287815094
0.08203554153442383
0.08130154013633728
0.08014238625764847
0.08162505179643631
0.08170236647129059
0.08392655104398727
0.08204115182161331
0.07894270122051239
0.08234121650457382
0.08145369589328766
0.07881467789411545
0.08138605207204819
0.0822722315788269
0.08284421265125275
0.08459895104169846
0.08431871235370636
0.08242348581552505
0.07898902893066406
0.08454372733831406
0.07908488065004349
0.08124830573797226
0.08239451050758362
0.0849509984254837
0.07911226153373718
0.07679156959056854
0.08417164534330368
0.08249650150537491
0.08166471123695374
0.08444756269454956
0.08291943371295929
0.08179016411304474
0.08209481835365295
0.08080150932073593
0.08169454336166382
0.0851052850484848
0.08058969676494598
0.0833154171705246
0.08085314929485321
0.08133406937122345
0.07968037575483322
0.08344916254281998
0.08168211579322815
0.08168040215969086
0.08139447122812271
0.08284745365381241
0.08041749149560928
0.08184478431940079
0.08052884042263031
0.08499285578727722
0.08312205225229263
0.08401261270046234
0.08272688090801239
0.08443164080381393
0.0833900198340416
0.08159325271844864
0.07990904152393341
0.08662962168455124
0.08332859724760056
0.08335341513156891
0.07966773211956024
0.08171233534812927
0.08323365449905396
0.08346772938966751
0.08110154420137405
0.08376559615135193
0.08063408732414246
0.08050370216369629
0.08545190095901489
0.0808497965335846
0.08247414231300354
0.08543291687965393
0.0836186408996582
0.08066310733556747
0.08037329465150833
0.0854167640209198
0.08209062367677689
0.08272954821586609
0.08109495788812637
0.0799451693892479
0.08561544120311737
0.08271771669387817
0.08037155866622925
0.08173894137144089
0.0815291628241539
0.08411182463169098
0.08061519265174866
0.08072087168693542
0.08304848521947861
0.08240696787834167
0.08549337089061737
0.0835922509431839
0.08505786210298538
0.08078380674123764
0.08019980788230896
0.0821138322353363
0.08386649191379547
0.08469066023826599
0.08658511191606522
0.08329104632139206
0.07935236394405365
0.08313460648059845
0.07806022465229034
0.08439299464225769
0.07978174835443497
0.07980465143918991
0.08385971188545227
0.08282861113548279
0.0812039002776146
0.08321187645196915
0.07854753732681274
0.08159168064594269
0.08214328438043594
0.0813715010881424
0.0788547694683075
0.08178645372390747
0.08159685134887695
0.08375865966081619
0.08187470585107803
0.08570387214422226
0.08253546059131622
0.0833132341504097
0.08318669348955154
0.08049824088811874
0.08306160569190979
0.08221206814050674
0.08224347978830338
0.08345068991184235
0.08331052958965302
0.0785353034734726
0.08000772446393967
0.07913997024297714
0.08195053786039352
0.0801001638174057
0.0839654952287674
0.077288419008255
0.08160451054573059
0.08452103286981583
0.08160068839788437
0.08027677237987518
0.08204249292612076
0.08283816277980804
0.07796607166528702
0.083387590944767
0.08438802510499954
0.0804181769490242
0.0794660747051239
0.080779068171978
0.08242572844028473
0.08616696298122406
0.0796944722533226
0.0850025862455368
0.08146534860134125
0.08327008038759232
0.08163866400718689
0.08179759234189987
0.08317988365888596
0.07970456779003143
0.08252332359552383
0.08222164213657379
0.08180253207683563
0.08066729456186295
0.08178810030221939
0.07855549454689026
0.08526641875505447
0.08169715851545334
0.08450707793235779
0.08347851783037186
0.08576580137014389
0.08208706974983215
0.08124943822622299
0.08448564261198044
0.08437743782997131
0.08277945220470428
0.08186697214841843
0.08130517601966858
0.08051663637161255
0.0836130902171135
0.07972333580255508
0.08213023841381073
0.08146803826093674
0.08080920577049255
0.07844304293394089
0.0808517187833786
0.07936207950115204
0.08062884956598282
0.08407949656248093
0.08368290215730667
0.08398620784282684
0.08267127722501755
0.0882008746266365
0.08146485686302185
0.08063288033008575
0.08599810302257538
0.08141821622848511
0.07881651818752289
0.083133265376091
0.08122637867927551
0.08116184920072556
0.08055485039949417
0.08658085763454437
0.08374380320310593
0.08438639342784882
0.08154252916574478
0.07941224426031113
0.08020268380641937
0.08007663488388062
0.0815589427947998
0.07906491309404373
0.08118455111980438
0.0828590989112854
0.08013585954904556
0.07993227988481522
0.07911040633916855
0.08174429833889008
0.08581498265266418
0.08094426989555359
0.08178599178791046
0.08340634405612946
0.08542479574680328
0.08173717558383942
0.08095195889472961
0.08538198471069336
0.08112356811761856
0.08030106872320175
0.0812002569437027
0.07846374064683914
0.07967787981033325
0.08097924292087555
0.08564185351133347
0.08274860680103302
0.07805560529232025
0.0822220891714096
0.08461518585681915
0.08258264511823654
0.07960526645183563
0.0806833803653717
0.08253411203622818
0.07789406925439835
0.08165976405143738
0.08442160487174988
0.08319283276796341
0.08546219021081924
0.08376836031675339
0.08265964686870575
0.08472280204296112
0.08613207191228867
0.08330705016851425
0.08181750029325485
0.08059380203485489
0.08200637996196747
0.08547676354646683
0.08353870362043381
0.07958976924419403
0.08396030217409134
0.08606879413127899
0.08081486821174622
0.08494328707456589
0.08029467612504959
0.08468127250671387
0.08703736215829849
0.07954277098178864
0.07973112910985947
0.08059781044721603
0.08202299475669861
0.08488030731678009
0.07828113436698914
0.08510065823793411
0.08547424525022507
0.08051988482475281
0.08371485769748688
0.08233120292425156
0.08340614289045334
0.08522853255271912
0.08378475159406662
0.08440001308917999
0.08424906432628632
0.08431526273488998
0.08509674668312073
0.08530102670192719
0.08143909275531769
0.08331073820590973
0.08238764852285385
0.08200608938932419
0.08426836133003235
0.08333636075258255
0.08375381678342819
0.08462265878915787
0.08045618236064911
0.08685637265443802
0.08046667277812958
0.08555793762207031
0.08441287279129028
0.08050472289323807
0.07991914451122284
0.0825226679444313
0.08480744063854218
0.08398301154375076
0.08214940875768661
0.08130259811878204
0.07768267393112183
0.08291268348693848
0.07892338186502457
0.07920275628566742
0.08316436409950256
0.07964175194501877
0.07954993844032288
0.08318523317575455
0.08291041105985641
0.08185409754514694
0.07963596284389496
0.08165540546178818
0.08024931699037552
0.0836520791053772
0.08145031332969666
0.08188936859369278
0.08177155256271362
0.08556777238845825
0.08336105942726135
0.08076456189155579
0.08304112404584885
0.0819232240319252
0.08186351507902145
0.08263503760099411
0.08053899556398392
0.08140730112791061
0.08384044468402863
0.08087176084518433
0.08074140548706055
0.08221735805273056
0.08294709026813507
0.08323660492897034
0.07957802712917328
0.08044987916946411
0.0833444595336914
0.08432585746049881
0.07977178692817688
0.08400573581457138
0.08329320698976517
0.08038761466741562
0.08381427079439163
0.079683817923069
0.08102110028266907
0.08321035653352737
0.08388663083314896
0.08129027485847473
0.08551530539989471
0.08306770026683807
0.08171892911195755
0.08328329026699066
0.08367640525102615
0.08200079947710037
0.08455418795347214
0.08451543748378754
0.08428089320659637
0.0872550755739212
0.08351525664329529
0.08098514378070831
0.08189452439546585
0.08059737831354141
0.08645951002836227
0.08265519887208939
0.08450190722942352
0.08280368894338608
0.08452952653169632
0.08339973539113998
0.08319634199142456
0.08138666301965714
0.08279888331890106
0.08214031159877777
0.08379890769720078
0.0868186503648758
0.08007485419511795
0.08308721333742142
0.08091389387845993
0.0814589336514473
0.07987213134765625
0.08369936794042587
0.08212975412607193
0.08353175222873688
0.08511105179786682
0.0839271992444992
0.078969307243824
0.07935652881860733
0.0819496437907219
0.08206219971179962
0.08181954175233841
0.08207511901855469
0.08066397905349731
0.08016256988048553
0.0827714130282402
0.08138967305421829
0.07811970263719559
0.08333990722894669
0.07954934239387512
0.08217228204011917
0.08158844709396362
0.08343429863452911
0.0829273983836174
0.08535108715295792
0.08224687725305557
0.08279317617416382
0.08233129233121872
0.08213876932859421
0.08560054749250412
0.0855567455291748
0.08187219500541687
0.08063904941082001
0.0826173946261406
0.08174630254507065
0.08227808028459549
0.08359047770500183
0.08185204863548279
0.08242476731538773
0.08140864968299866
0.08301196992397308
0.08417350053787231
0.0808052122592926
0.08681812137365341
0.08505943417549133
0.08251265436410904
0.08682029694318771
0.08334752172231674
0.08068130165338516
0.07943573594093323
0.08135015517473221
0.08362409472465515
0.08040299266576767
0.08429860323667526
0.08117055147886276
0.08012188971042633
0.08008947968482971
0.08116484433412552
0.0814831331372261
0.08044064790010452
0.08137217164039612
0.0840260237455368
0.08108285814523697
0.08058569580316544
0.08353918790817261
0.0787849873304367
0.08117904514074326
0.08395563066005707
0.08104538917541504
0.07874023169279099
0.08118855208158493
0.08411427587270737
0.08150513470172882
0.08409547805786133
0.08145854622125626
0.08430477976799011
0.08154505491256714
0.08198519051074982
0.08232614398002625
0.07958914339542389
0.08198648691177368
0.08485940843820572
0.07912088185548782
0.07851418852806091
0.08307188749313354
0.08221428841352463
0.08591563999652863
0.0837845727801323
0.08110734820365906
0.08422765135765076
0.08183851838111877
0.0802287608385086
0.0824352353811264
0.07838228344917297
0.08079827576875687
0.078119657933712
0.08199964463710785
0.08212596923112869
0.08026014268398285
0.08484210819005966
0.0830412358045578
0.08412244915962219
0.08209195733070374
0.08149000257253647
0.08106270432472229
0.082830049097538
0.08379444479942322
0.07963581383228302
0.08213834464550018
0.08023977279663086
0.08044957369565964
0.08304915577173233
0.08496806770563126
0.0854208692908287
0.08300001919269562
0.08069983124732971
0.08495170623064041
0.08302343636751175
0.08260270208120346
0.08274804055690765
0.08305162191390991
0.08347106724977493
0.07773413509130478
0.08080890774726868
0.08646422624588013
0.08798148483037949
0.08254560828208923
0.0797661691904068
0.08245447278022766
0.08608302474021912
0.08285786956548691
0.08454523980617523
0.08543261885643005
0.08038486540317535
0.0866759717464447
0.08077372610569
0.08534033596515656
0.0839632898569107
0.08197347819805145
0.08299508690834045
0.08361194282770157
0.08496114611625671
0.08271516859531403
0.08119678497314453
0.08071943372488022
0.08486407995223999
0.08026144653558731
0.08310308307409286
0.08308359235525131
0.08140409737825394
0.08161917328834534
0.07779943197965622
0.08166885375976562
0.08077391982078552
0.08027970045804977
0.08925019204616547
0.0800691768527031
0.08053559064865112
0.08060383796691895
0.08270781487226486
0.0881781354546547
0.08221803605556488
0.08489075303077698
0.08270683139562607
0.08325924724340439
0.08402054756879807
0.08220941573381424
0.08354293555021286
0.08085532486438751
0.07865352183580399
0.08194984495639801
0.0815659835934639
0.08396248519420624
0.08291621506214142
0.08081871271133423
0.08200395852327347
0.0829484760761261
0.08389696478843689
0.08038594573736191
0.08090631663799286
0.08216986060142517
0.08315933495759964
0.08130670338869095
0.08125246316194534
0.08327393233776093
0.08294269442558289
0.08605986833572388
0.08449908345937729
0.0824940875172615
0.08261728286743164
0.08209780603647232
0.08253904432058334
0.08279735594987869
0.08439823240041733
0.08276915550231934
0.07967913895845413
0.0781153067946434
0.08177907019853592
0.08418075740337372
0.08447998762130737
0.08664658665657043
0.08137161284685135
0.08133070170879364
0.08413875848054886
0.07973611354827881
0.08751580119132996
0.08483783900737762
0.08651331067085266
0.07834425568580627
0.0835503414273262
0.08438825607299805
0.08370719850063324
0.08139409869909286
0.08158403635025024
0.08118918538093567
0.08330375701189041
0.08401604741811752
0.08172102272510529
0.07786214351654053
0.0840127244591713
0.08176238089799881
0.08003954589366913
0.08388973027467728
0.08319514989852905
0.08164811134338379
0.07990500330924988
0.08276943117380142
0.08226799964904785
0.08174270391464233
0.08349481225013733
0.08243090659379959
0.08355216681957245
0.08303186297416687
0.08269299566745758
0.0848269909620285
0.08383913338184357
0.0841934010386467
0.08506700396537781
0.08402690291404724
0.08259916305541992
0.079745352268219
0.08541712164878845
0.0836310014128685
0.07856601476669312
0.08458301424980164
0.07711314409971237
0.083306223154068
0.07886938750743866
0.08094149827957153
0.08102168142795563
0.08326175063848495
0.07901562750339508
0.08452963083982468
0.0796162486076355
0.08269396424293518
0.08403781056404114
0.08458191156387329
0.08304105699062347
0.08354397118091583
0.08286724239587784
0.0851382166147232
0.08163537085056305
0.0776577889919281
0.08364970982074738
0.08265955001115799
0.08033967763185501
0.08556064963340759
0.08459598571062088
0.08328397572040558
0.08083543181419373
0.08480416238307953
0.0794859379529953
0.08091806620359421
0.08268724381923676
0.08026015013456345
0.08201705664396286
0.08267044275999069
0.08127769827842712
0.0806049033999443
0.08434459567070007
0.08553323894739151
0.08534013479948044
0.08410492539405823
0.08427388221025467
0.08582169562578201
0.08129630237817764
0.08239080756902695
0.08242283016443253
0.08474037796258926
0.08242519199848175
0.08067049086093903
0.08404179662466049
0.08543385565280914
0.08299671113491058
0.08282338827848434
0.08494481444358826
0.08373969793319702
0.08150404691696167
0.08045545220375061
0.07838261872529984
0.08197114616632462
0.0824485719203949
0.08455072343349457
0.0845068097114563
0.08078762888908386
0.08519510924816132
0.0820816159248352
0.07977095991373062
0.08217055350542068
0.08524131029844284
0.08332934975624084
0.08374334126710892
0.08464209735393524
0.08415892720222473
0.08537489175796509
0.08252822607755661
0.08263938874006271
0.08155642449855804
0.08451283723115921
0.08233241736888885
0.08443133533000946
0.080698162317276
0.08166496455669403
0.08399754762649536
0.08052131533622742
0.08211824297904968
0.08308324217796326
0.0854710265994072
0.08277314901351929
0.08294572681188583
0.08243171870708466
0.081608846783638
0.08324083685874939
0.08147220313549042
0.0798521339893341
0.07937442511320114
0.08140984177589417
0.0873895063996315
0.0795348659157753
0.08153336495161057
0.08470416814088821
0.07921301573514938
0.07920706272125244
0.08407051116228104
0.08338025212287903
0.07986874133348465
0.08468899875879288
0.08521270751953125
0.08292929828166962
0.08282392472028732
0.08369409292936325
0.08681867271661758
0.0812220349907875
0.08029625564813614
0.08217732608318329
0.08446373790502548
0.0817762017250061
0.08521605283021927
0.08021797984838486
0.08288934826850891
0.0822882279753685
0.07775845378637314
0.08054982870817184
0.08511389791965485
0.08359602093696594
0.08563420176506042
0.08407769352197647
0.08135132491588593
0.08110377937555313
0.08301285654306412
0.08458716422319412
0.0821557492017746
0.08457895368337631
0.08117729425430298
0.07989110052585602
0.08128082007169724
0.08276436477899551
0.08041839301586151
0.08221988379955292
0.08122434467077255
0.08251183480024338
0.07865943014621735
0.07924939692020416
0.07974955439567566
0.08162377029657364
0.08184944093227386
0.08266858756542206
0.08622713387012482
0.08644234389066696
0.08087046444416046
0.0826195701956749
0.08092088997364044
0.08235017955303192
0.08427673578262329
0.08200971782207489
0.08090585470199585
0.08456335961818695
0.08246012032032013
0.08320529758930206
0.08236486464738846
0.08326701074838638
0.0818752869963646
0.0825660303235054
0.08576691895723343
0.08236633241176605
0.08501648902893066
0.07918509840965271
0.08504127711057663
0.07897432148456573
0.08207164704799652
0.08094212412834167
0.08213441073894501
0.08207504451274872
0.08527670055627823
0.07724442332983017
0.08477746695280075
0.08230557292699814
0.08280587941408157
0.07891418784856796
0.08354601263999939
0.08471917361021042
0.08392201364040375
0.08161869645118713
0.08434243500232697
0.08421163260936737
0.07998137176036835
0.08413634449243546
0.08706872910261154
0.08502991497516632
0.08394897729158401
0.08159682899713516
0.08774100989103317
0.0863252654671669
0.08186020702123642
0.08402937650680542
0.08169656991958618
0.07977043092250824
0.0865776464343071
0.0839703381061554
0.08290134370326996
0.08415299654006958
0.08450186997652054
0.0831984132528305
0.08318357169628143
0.08283957839012146
0.08198431879281998
0.08156544715166092
0.07800626754760742
0.0794760137796402
0.08467592298984528
0.08318774402141571
0.08535002917051315
0.07960137724876404
0.08137035369873047
0.07990682125091553
0.08237307518720627
0.08274868130683899
0.08126626908779144
0.0839621052145958
0.08190470933914185
0.08320982754230499
0.08136437088251114
0.0800430104136467
0.08323050290346146
0.08215049654245377
0.08231113106012344
0.08197211474180222
0.08018062263727188
0.08556582778692245
0.07928214967250824
0.08343274146318436
0.08153312653303146
0.07958958297967911
0.08207695186138153
0.08320146799087524
0.08607667684555054
0.08156277984380722
0.08421876281499863
0.08132597804069519
0.07680033147335052
0.08193711191415787
0.07907045632600784
0.0844602957367897
0.08219966292381287
0.08304037898778915
0.08021017163991928
0.08247444033622742
0.08271381258964539
0.08246442675590515
0.08897600322961807
0.08219871670007706
0.08197116106748581
0.08067723363637924
0.07862965017557144
0.08299193531274796
0.08064012229442596
0.08131092041730881
0.08002392947673798
0.08301527798175812
0.084410659968853
0.08380427956581116
0.08467026054859161
0.08158233016729355
0.08263145387172699
0.08537343144416809
0.08212713897228241
0.08387398719787598
0.0834539607167244
0.08066841214895248
0.08107617497444153
0.08059543371200562
0.0827760323882103
0.07807756215333939
0.08365769684314728
0.08426737040281296
0.08307593315839767
0.0803830549120903
0.08324118703603745
0.08049692958593369
0.083950474858284
0.08389649540185928
0.08150050044059753
0.08191003650426865
0.08177124708890915
0.08262357115745544
0.08073464035987854
0.08235930651426315
0.08453800529241562
0.08197303116321564
0.08165261894464493
0.08271725475788116
0.08361488580703735
0.08473427593708038
0.08037085831165314
0.07947152853012085
0.08124852180480957
0.08296992629766464
0.08414700627326965
0.07846353948116302
0.08282583206892014
0.08106149733066559
0.08650326728820801
0.08129352331161499
0.08282048255205154
0.0826421007514
0.08065155893564224
0.08214092999696732
0.07783803343772888
0.08118706941604614
0.08086349815130234
0.08074912428855896
0.08587809652090073
0.080839604139328
0.0862806960940361
0.08291921764612198
0.08354652673006058
0.08305378258228302
0.08183968812227249
0.08470142632722855
0.08224473893642426
0.08328822255134583
0.08255086094141006