0.006708362139761448
0.0063338251784443855
0.005505794659256935
0.005001978483051062
0.0046050529927015305
0.004352361895143986
0.0043688612058758736
0.004237973131239414
0.004124021623283625
0.00384820019826293
0.003971156198531389
0.0038034848403185606
0.0036817940417677164
0.00361622404307127
0.003620350733399391
0.003659653477370739
0.0035167750902473927
0.003653606865555048
0.0037483396008610725
0.0035807695239782333
0.0035386071540415287
0.0035089096054434776
0.0035253975074738264
0.0035720020532608032
0.0034477687440812588
0.0034937988966703415
0.003478596918284893
0.003472547046840191
0.0032770195975899696
0.003467283211648464
0.003359211143106222
0.0033887536264955997
0.0033651175908744335
0.0034226744901388884
0.0034039251040667295
0.0033781954552978277
0.003430332522839308
0.003471981966868043
0.0033844176214188337
0.0033200618345290422
0.003228988731279969
0.0032565020956099033
0.003256566124036908
0.0032636967953294516
0.0033782345708459616
0.0032321265898644924
0.0032833917066454887
0.003241564380005002
0.0032983538694679737
0.0032837900798767805
0.0032576408702880144
0.0031383924651890993
0.0032169625628739595
0.003190352814272046
0.003222579602152109
0.0031925151124596596
0.0030658820178359747
0.0032892501913011074
0.0032575372606515884
0.0030327755957841873
0.003227261593565345
0.0033264029771089554
0.0031748402398079634
0.003090196754783392
0.003162877634167671
0.003230956383049488
0.003064556745812297
0.0032669431529939175
0.003143727546557784
0.003110490506514907
0.0031858289148658514
0.0031422898173332214
0.0031476446893066168
0.0031033712439239025
0.0031342199072241783
0.0030496628023684025
0.003118877299129963
0.0031415841076523066
0.0031159124337136745
0.003076303517445922
0.003139419248327613
0.003116135485470295
0.003093352308496833
0.0030914947856217623
0.003084359224885702
0.003097573295235634
0.0031016147695481777
0.0030855045188218355
0.002945979591459036
0.00301398616284132
0.003130597760900855
0.0031380055006593466
0.0031026480719447136
0.0030014601070433855
0.0030924221500754356
0.0030521322041749954
0.0030415672808885574
0.003002902027219534
0.0030912947840988636
0.003053170396015048
0.0031959800980985165
0.003111213678494096
0.003138797590509057
0.0032214170787483454
0.00305563653819263
0.0031377323903143406
0.003174242563545704
0.003022309159860015
0.003060635644942522
0.003070460632443428
0.0031160118523985147
0.003011978231370449
0.002971277805045247
0.003000084776431322
0.0028615626506507397
0.0029059788212180138
0.0030827210284769535
0.0030498651321977377
0.002981419675052166
0.0031033868435770273
0.0029510704334825277
0.002948600333184004
0.0029808918479830027
0.0030474336817860603
0.0030103654135018587
0.0030871289782226086
0.002894973149523139
0.0030049383640289307
0.0030852658674120903
0.0029602115973830223
0.0030686750542372465
0.002946848049759865
0.0029875943437218666
0.0030235613230615854
0.002953606192022562
0.002837441163137555
0.0030346764251589775
0.0029093732591718435
0.0030162991024553776
0.003010457381606102
0.0029184853192418814
0.002869955962523818
0.0029414817690849304
0.0029725912027060986
0.002906128531321883
0.0029812746215611696
0.002954361494630575
0.0031119289342314005
0.0030322722159326077
0.0029829007107764482
0.00298392865806818
0.0029640821740031242
0.00284568895585835
0.002975637326017022
0.0030128888320177794
0.0030163933988660574
0.0029218026902526617
0.0030225738883018494
0.0028453259728848934
0.002973110880702734
0.0029051529709249735
0.00290614808909595
0.0028923428617417812
0.002928821835666895
0.0029233351815491915
0.0028927817475050688
0.002985226921737194
0.0028412663377821445
0.002990748267620802
0.002881067804992199
0.0029023883398622274
0.0029163763392716646
0.00285386573523283
0.002880440093576908
0.002914699260145426
0.0029686721973121166
0.0028833909891545773
0.0028283006977289915
0.002868625335395336
0.0028819588478654623
0.002821106929332018
0.002962550614029169
0.002947521163150668
0.0028281668201088905
0.0028201451059430838
0.0029571233317255974
0.003032769076526165
0.0029278863221406937
0.0028402600437402725
0.003045313758775592
0.0028055969160050154
0.0028782831504940987
0.0029305696953088045
0.002929139183834195
0.002967213047668338
0.0029183155857026577
0.002770946826785803
0.002832002704963088
0.0029358910396695137
0.0030573683325201273
0.0029312213882803917
0.0028815900441259146
0.0028674397617578506
0.002901089144870639
0.002947191009297967
0.0029363802168518305
0.002853736048564315
0.0029470971785485744
0.002806892618536949
0.002836375031620264
0.0029005995020270348
0.0028443573974072933
0.002837917534634471
0.0027784937992691994
0.0028795963153243065
0.003007427090778947
0.0028090784326195717
0.0028355284593999386
0.0028077855240553617
0.002841397188603878
0.0029822601936757565
0.002844381844624877
0.0028857013676315546
0.002907396759837866
0.0029362249188125134
0.002938358811661601
0.002745973179116845
0.0028574890457093716
0.002947987290099263
0.002882522065192461
0.002918234094977379
0.0028106230311095715
0.0029274066910147667
0.002971408423036337
0.0028747618198394775
0.0028716744855046272
0.0029627790208905935
0.002826301148161292
0.0029072167817503214
0.0028862475883215666
0.0027988466899842024
0.002848275238648057
0.0028625361155718565
0.002820573979988694
0.0027801089454442263
0.002889015479013324
0.002853045240044594
0.002917839214205742
0.002716669114306569
0.002892871852964163
0.00288564246147871
0.002932334551587701
0.0028193604666739702
0.0028443343471735716
0.0028841772582381964
0.002783438190817833
0.0030368478037416935
0.0029870530124753714
0.00289150420576334
0.0028286941815167665
0.0029057019855827093
0.0029865920078009367
0.002930116606876254
0.0027160029858350754
0.0029310870449990034
0.0029345666989684105
0.002906329929828644
0.0028850198723375797
0.002798829460516572
0.0027954629622399807
0.002922161016613245
0.0028291575144976377
0.00285850977525115
0.0029975848738104105
0.00286062341183424
0.0028715527150779963
0.002915117656812072
0.0028192270547151566
0.0028168070130050182
0.0028457355219870806
0.0027658999897539616
0.0029281219467520714
0.00274286768399179
0.002717431401833892
0.002848556265234947
0.002819392364472151
0.002850333461537957
0.0027682939544320107
0.0028734614606946707
0.0028545353561639786
0.002744109369814396
0.0028446426149457693
0.0029395027086138725
0.0027936738915741444
0.0027591220568865538
0.0028178351931273937
0.0028626280836760998
0.0028202394023537636
0.002917109988629818
0.002823072951287031
0.0027587448712438345
0.0028702840209007263
0.0029745849315077066
0.002980660879984498
0.0028768926858901978
0.0028316837269812822
0.0027907288167625666
0.0029217982664704323
0.0028965056408196688
0.002793838968500495
0.00289624510332942
0.002867945935577154
0.002859950065612793
0.002974927658215165
0.0028470358811318874
0.00304542132653296
0.0029012206941843033
0.002808371791616082
0.0030371409375220537
0.003011109307408333
0.0028557702898979187
0.002937466138973832
0.002976462244987488
0.0028218587394803762
0.00312516069971025
0.0029782122001051903
0.0029781684279441833
0.0029988903552293777
0.002959432080388069
0.002960660494863987
0.0029915068298578262
0.0029652309603989124
0.0029315135907381773
0.002961489837616682
0.00313992565497756
0.002904878929257393
0.003064928576350212
0.0030435642693191767
0.002917653415352106
0.0028511465061455965
0.002999774878844619
0.0029242434538900852
0.003077732864767313
0.0029721877072006464
0.003061568131670356
0.002983523067086935
0.0030144210904836655
0.0030192267149686813
0.0029648183844983578
0.002979190554469824
0.003071135375648737
0.0030367765575647354
0.0030711751896888018
0.002991813700646162
0.002902868902310729
0.0029591373167932034
0.0029970600735396147
0.0029765870422124863
0.003031613305211067
0.0029337480664253235
0.003002130426466465
0.0029517572838813066
0.0028206759598106146
0.002925014588981867
0.0030358328949660063
0.0029250639490783215
0.0030375856440514326
0.002932072849944234
0.0029163730796426535
0.0028416351415216923
0.0029678749851882458
0.002971177687868476
0.0028580068610608578
0.002886667614802718
0.00299080996774137
0.003002636367455125
0.003186440095305443
0.0029688274953514338
0.003027488011866808
0.00288893049582839
0.002943925792351365
0.002939973957836628
0.002892663236707449
0.002958713797852397
0.0028788684867322445
0.0030263392254710197
0.002891919808462262
0.002908094320446253
0.00289456476457417
0.0029383590444922447
0.002903543645516038
0.0028158854693174362
0.002877406543120742
0.0028988528065383434
0.002815492218360305
0.0028383550234138966
0.00287679024040699
0.00304046249948442
0.0029038183856755495
0.0028908848762512207
0.0029102694243192673
0.0029575645457953215
0.002917906269431114
0.0029182315338402987
0.0029285273049026728
0.0028971072752028704
0.002879507141187787
0.002858996158465743
0.0028083736542612314
0.002948211971670389
0.0030019525438547134
0.002787141129374504
0.002964242361485958
0.0028644425328820944
0.002780490554869175
0.002821260364726186
0.00291464664041996
0.002809436060488224
0.002930272137746215
0.0029353501740843058
0.002919241553172469
0.0029822925571352243
0.0028106060344725847
0.002832720521837473
0.0029122980777174234
0.0028409231454133987
0.002830544952303171
0.0028518037870526314
0.0028897258453071117
0.00284380535595119
0.0028299898840487003
0.002721302444115281
0.00293165585026145
0.0028310054913163185
0.0028439729940146208
0.002793179824948311
0.002888356801122427
0.002872783225029707
0.0027410881593823433
0.002835806692019105
0.0028285146690905094
0.002781772520393133
0.0028366087935864925
0.0026321751065552235
0.0027859520632773638
0.002947071800008416
0.002798647852614522
0.0027328678406774998
0.0027543725445866585
0.002856902778148651
0.0027492649387568235
0.0027459850534796715
0.0027746919076889753
0.0027649421244859695
0.002898861188441515
0.0029043906833976507
0.002677051117643714
0.002768932841718197
0.002872288227081299
0.0028036641888320446
0.0027931248769164085
0.0028502698987722397
0.002790408208966255
0.002694392576813698
0.0026496555656194687
0.002657542238011956
0.0027672224678099155
0.002813741797581315
0.0027152898255735636
0.0027177580632269382
0.0026952442713081837
0.0028390800580382347
0.002693493152037263
0.002790682250633836
0.0028806927148252726
0.0026964491698890924
0.0027851364575326443
0.0028582322411239147
0.0027981456369161606
0.0027951530646532774
0.00274132308550179
0.0027944049797952175
0.002751082880422473
0.0027261548675596714
0.0027860335540026426
0.002778263296931982
0.0028412737883627415
0.0027394474018365145
0.002807418815791607
0.0026861480437219143
0.0027190311811864376
0.0026672896929085255
0.0026937145739793777
0.002740854397416115
0.002845766954123974
0.002751886611804366
0.002708298619836569
0.00281552504748106
0.0027020215056836605
0.0028067901730537415
0.0028287142049521208
0.002801311668008566
0.0028347494080662727
0.002707361476495862
0.0027009036857634783
0.002805717522278428
0.002756372792646289
0.002633308060467243
0.0027784314006567
0.0027048138435930014
0.002839221153408289
0.0027170274406671524
0.002707508858293295
0.0027104774489998817
0.002796528395265341
0.002762544434517622
0.002803781535476446
0.0027487697079777718
0.002746293321251869
0.002711780136451125
0.002701978664845228
0.00272661866620183
0.002796727232635021
0.0027276528999209404
0.002717441413551569
0.002732120454311371
0.002788442885503173
0.0028822063468396664
0.0027492039371281862
0.0026869038119912148
0.0027520698495209217
0.0026713854167610407
0.002731003798544407
0.0027259134221822023
0.0026889843866229057
0.0028007267974317074
0.002720878692343831
0.002734629437327385
0.0027817818336188793
0.002705618040636182
0.0027031037025153637
0.0026639318093657494
0.0028148603159934282
0.002654489828273654
0.0027903851587325335
0.0027628953102976084
0.002711889799684286
0.0028052804991602898
0.0027375654317438602
0.0028376539703458548
0.00271194102242589
0.0027793014887720346
0.0027930003125220537
0.002683931263163686
0.002724641002714634
0.0027070757932960987
0.0027734311297535896
0.0028004974592477083
0.0027477124240249395
0.002712156157940626
0.0028017396107316017
0.0028422551695257425
0.0027164919301867485
0.0027130097150802612
0.0026455307379364967
0.0028767790645360947
0.0027141771279275417
0.0025881431065499783
0.0028016797732561827
0.002752867992967367
0.0027503117453306913
0.002713252091780305
0.002803085371851921
0.0027293958701193333
0.0027859217952936888
0.002744194818660617
0.0028255025390535593
0.0027008834294974804
0.0026742666959762573
0.0026774918660521507
0.0026955846697092056
0.002762114629149437
0.002848277101293206
0.00274099875241518
0.002833316335454583
0.0028514412697404623
0.0027965030167251825
0.002762674121186137
0.002709950553253293
0.0026343504432588816
0.0026926579885184765
0.002728675492107868
0.002658585552126169
0.002696713898330927
0.0026620719581842422
0.0027806474827229977
0.002712261863052845
0.002911051269620657
0.0028219514060765505
0.0027000457048416138
0.0027440672274678946
0.002711996203288436
0.0026946438010782003
0.002705757040530443
0.0028308790642768145
0.002783909672871232
0.0027596470899879932
0.0027569541707634926
0.0028182065580040216
0.002569990698248148
0.002827897435054183
0.002800692105665803
0.002788436133414507
0.0027173503767699003
0.0027806691359728575
0.002704814774915576
0.002746052108705044
0.002821956295520067
0.0027499899733811617
0.0027441682759672403
0.002599191153421998
0.002727207262068987
0.0025920302141457796
0.002656501019373536
0.002824084833264351
0.002672243397682905
0.0027072762604802847
0.0028205392882227898
0.0026835689786821604
0.0027561753522604704
0.0027006203308701515
0.0026335131842643023
0.0026137027889490128
0.0027209639083594084
0.002768803620710969
0.002681743586435914
0.0028308883775025606
0.0027299385983496904
0.002709193155169487
0.0027258810587227345
0.002632188843563199
0.0026603108271956444
0.0026702145114541054
0.0027321185916662216
0.002800378715619445
0.0027032874058932066
0.0026783731300383806
0.0027030273340642452
0.002651589922606945
0.00262706377543509
0.0027399882674217224
0.0029264686163514853
0.002724051708355546
0.0027445531450212
0.002684142906218767
0.0027414574287831783
0.0026770075783133507
0.0028027899097651243
0.0027251150459051132
0.002683534286916256
0.002668395871296525
0.0027062902227044106
0.0027492851950228214
0.002761612646281719
0.0027407812885940075
0.0026893147733062506
0.0026966342702507973
0.0027278722263872623
0.0026516614016145468
0.002769336337223649
0.002780415117740631
0.002807250013574958
0.0027415305376052856
0.002643379382789135
0.0027281451039016247
0.0027127224020659924
0.0026718892622739077
0.0027605178765952587
0.0027755838818848133
0.0026342859491705894
0.002823485527187586
0.0026732131373137236
0.0026567927561700344
0.0026838607154786587
0.0026792341377586126
0.0027630010154098272
0.0027359065134078264
0.002668604487553239
0.002764464356005192
0.0027192500419914722
0.0026885834522545338
0.002764494623988867
0.0026672740932554007
0.00276964926160872
0.0027011483907699585
0.00268436037003994
0.00273624574765563
0.0027943660970777273
0.0027123698964715004
0.0027235355228185654
0.002730230800807476
0.002778773894533515
0.0027081214357167482
0.0027364015113562346
0.0027020839042961597
0.0026611178182065487
0.0026754182763397694
0.0026379236951470375
0.0027260484639555216
0.0027162274345755577
0.002756653819233179
0.00268653966486454
0.0026844271924346685
0.0026745798531919718
0.002777625108137727
0.0026744387578219175
0.0027383756823837757
0.0027065903414040804
0.002652981085702777
0.002697915071621537
0.0026648524217307568
0.0027003390714526176
0.002756123896688223
0.002725000027567148
0.0027113782707601786
0.0027199953328818083
0.002658915240317583
0.0027834137436002493
0.002804579446092248
0.002757968381047249
0.0027273690793663263
0.0027747657150030136
0.0026365749072283506
0.00270231906324625
0.0026892537716776133
0.0028047538362443447
0.0026792199350893497
0.0026869517751038074
0.0027878391556441784
0.0026724161580204964
0.0026489400770515203
0.002682624151930213
0.0026790364645421505
0.002759054535999894
0.002808407647535205
0.0026775477454066277
0.0027075456455349922
0.0027061733417212963
0.0027158597949892282
0.0026650982908904552
0.002743195043876767
0.0027582840994000435
0.002712490502744913
0.0026871964801102877
0.0027097417041659355
0.0026710352394729853
0.002750790910795331
0.002781579503789544
0.00272828689776361
0.002731237094849348
0.002711155451834202
0.0027273588348180056
0.0026057788636535406
0.0027318603824824095
0.00270959734916687
0.002664766274392605
0.0027043791487812996
0.002669550245627761
0.002650302601978183
0.0027758025098592043
0.002670966787263751
0.0027225015219300985
0.0027571269311010838
0.0025898762978613377
0.002651605987921357
0.002763829892501235
0.0026161062996834517
0.002709031803533435
0.00276692071929574
0.002719860291108489
0.0027695780154317617
0.0028055936563760042
0.0026166788302361965
0.0027656599413603544
0.0026389562990516424
0.0027379333041608334
0.002584167057648301
0.002726118080317974
0.0026565364096313715
0.0027356476057320833
0.0026274623814970255
0.0027496793773025274
0.0028265025466680527
0.002677276497706771
0.002745307283475995
0.002681781305000186
0.002599734114482999
0.0026024477556347847
0.0027240950148552656
0.002698585158213973
0.0025913426652550697
0.002678392454981804
0.0027062862645834684
0.002699061529710889
0.0027385056018829346
0.002714014146476984
0.002595193451270461
0.0027688476257026196
0.002666958374902606
0.0027159065939486027
0.0027769142761826515
0.0027647563256323338
0.0027016594540327787
0.002691416535526514
0.0026074154302477837
0.0026003464590758085
0.002707199426367879
0.002708437154069543
0.002607444766908884
0.00267703365534544
0.002654660725966096
0.0026670086663216352
0.002732496242970228
0.0026350768748670816
0.0026752392295747995
0.002821986097842455
0.002626639325171709
0.0027757035568356514
0.0026819375343620777
0.0026937758084386587
0.0026151270139962435
0.002748914295807481
0.0027036601677536964
0.00265849893912673
0.002696087583899498
0.002770077669993043
0.002708652289584279
0.0026205312460660934
0.0026658582501113415
0.002698141150176525
0.0027102548629045486
0.002669977955520153
0.0026270642410963774
0.002848957199603319
0.0027807154692709446
0.002725874073803425
0.002751101739704609
0.002714407630264759
0.0027650478295981884
0.0026343869976699352
0.002604794455692172
0.002671662252396345
0.0026101735420525074
0.002710673026740551
0.0025735830422490835
0.002716069808229804
0.002649639267474413
0.0028324651066213846
0.0026543689891695976
0.002666232641786337
0.0026886186096817255
0.0027701053768396378
0.0026224583853036165
0.0026938444934785366
0.0026539666578173637
0.002719511976465583
0.0026449712458997965
0.0026140552945435047
0.0027101165615022182
0.0026902949903160334
0.0026497982908040285
0.002649428555741906
0.0026289313100278378
0.0026170448400080204
0.002732871100306511
0.0026947965379804373
0.0026998266112059355
0.0027214211877435446
0.0026783228386193514
0.002665699925273657
0.002672412432730198
0.002715000184252858
0.0026312265545129776
0.0027331961318850517
0.0027222430799156427
0.0027045882306993008
0.0027782097458839417
0.002648748690262437
0.0026845589745789766
0.002788476413115859
0.002814216073602438
0.0026827326510101557
0.0027176113799214363
0.002641240367665887
0.0026870504952967167
0.0026140562258660793
0.002675773575901985
0.0025967760011553764
0.0026360973715782166
0.0026382463984191418
0.0026791247073560953
0.002662056125700474
0.0028844804037362337
0.0026623860467225313
0.0026478422805666924
0.0026020982768386602
0.0026146522723138332
0.0027051859069615602
0.002617848804220557
0.002739341463893652
0.0026080142706632614
0.002650453709065914
0.002638996345922351
0.0028263989370316267
0.0026706785429269075
0.0025829586666077375
0.0026684757322072983
0.0026656168047338724
0.002738259034231305
0.002709674648940563
0.0026883240789175034
0.0026888251304626465
0.0027251807041466236
0.0027022394351661205
0.0027071416843682528
0.0027711570728570223
0.002792186103761196
0.002675350522622466
0.002786289667710662
0.002616299083456397
0.002679988509044051
0.00259220483712852
0.002637864090502262
0.0027195147704333067
0.002703145844861865
0.0025590925943106413
0.002608272945508361
0.002694762544706464
0.0027609362732619047
0.002593478187918663
0.0027548617217689753
0.0026479987427592278
0.0027539676520973444
0.0027777948416769505
0.0027316201012581587
0.0025425886269658804
0.0026851845905184746
0.0026952617336064577
0.0027296021580696106
0.002611107425764203
0.002569119445979595
0.0027104606851935387
0.002758939750492573
0.00272701820358634
0.0027067738119512796
0.0026598400436341763
0.002629496855661273
0.0027248146943747997
0.0026209624484181404
0.0026950924657285213
0.002707977080717683
0.0026781612541526556
0.0025917640887200832
0.002654638374224305
0.0026603704318404198
0.0027420474216341972
0.0026536970399320126
0.002707243664190173
0.0027481522411108017
0.002559024142101407
0.002702506724745035
0.002719008596614003
0.0027169969398528337
0.0026541701517999172
0.0027234789449721575
0.0026174781378358603
0.0027473224326968193
0.002672920236364007
0.002606381196528673
0.002704364713281393
0.002767399651929736
0.0027083882596343756
0.0026271184906363487
0.002638284582644701
0.0026700112503021955
0.002637281082570553
0.0027923837769776583
0.0026958852540701628
0.002573428675532341
0.0026928912848234177
0.002695232629776001
0.0027446735184639692
0.002687612781301141
0.002608782146126032
0.002549475058913231
0.0027117591816931963
0.002651132410392165
0.0026467659045010805
0.0027165149804204702
0.0026548760943114758
0.002720730844885111
0.0027032014913856983
0.002706546802073717
0.0026454501785337925
0.0026889052242040634
0.0027092399541288614
0.002687850035727024
0.002862397814169526
0.0026412117294967175
0.002678776392713189
0.002571818418800831
0.0026101483963429928
0.0027028473559767008
0.002641094382852316
0.0026724999770522118
0.0026531200855970383
0.0026421742513775826
0.002679648343473673
0.0027569597586989403
0.00266256183385849
0.0028730062767863274
0.0026729204691946507
0.0027124325279146433
0.0026248344220221043
0.0026690810918807983
0.0026323730126023293
0.0027099817525595427
0.0027808600571006536
0.002697195392102003
0.00259330403059721
0.002651121001690626
0.002747903112322092
0.002693750662729144
0.0026951823383569717
0.002828794764354825
0.002598927356302738
0.0027488472405821085
0.002652521478012204
0.002653321251273155
0.002533345017582178
0.0027177182491868734
0.002658110810443759
0.0026238823775202036
0.0026210553478449583
0.002603204920887947
0.002649202011525631
0.0025488801766186953
0.0026970624458044767
0.002608589129522443
0.0027469268534332514
0.0026190439239144325
0.0026966375298798084
0.0027580487076193094
0.0026140790432691574
0.002688975539058447
0.0026463582180440426
0.0027378445956856012
0.0026956137735396624
0.0025584870018064976
0.0027206179220229387
0.002700123004615307
0.0026657474227249622
0.002689245855435729
0.0026773554272949696
0.002673357492312789
0.0026064692065119743
0.0027067651972174644
0.0027311882004141808
0.002657224191352725
0.002727215178310871
0.002661428414285183
0.0025832715909928083
0.0026957737281918526
0.0026169123593717813
0.0026161831337958574
0.0026581885758787394
0.0026150888297706842
0.0026555978693068027
0.0027253658045083284
0.002765075536444783
0.002665822859853506
0.002565160393714905
0.002731270855292678
0.0025846443604677916
0.0026740452740341425
0.002682640217244625
0.002740058582276106
0.00260205683298409
0.0025810045190155506
0.0026633846573531628
0.0026637958362698555
0.002640390768647194
0.002704867161810398
0.0027931344229727983
0.002725580707192421
0.0026085269637405872
0.0026342137716710567
0.002675251103937626
0.0027141382452100515
0.0026618146803230047
0.002665924374014139
0.002627624897286296
0.002646756125614047
0.0026025325059890747
0.0026940929237753153
0.002696892712265253
0.0026882297825068235
0.002650950802490115
0.0027230840642005205
0.002656488446518779
0.0027317353524267673
0.002590759424492717
0.0027734125033020973
0.002663377905264497
0.0027002189308404922
0.0026433838065713644
0.0027270729187875986
0.0026999786496162415
0.002696461044251919
0.0026216194964945316
0.0027968694921582937
0.0027060150168836117
0.0027268892154097557
0.0026563352439552546
0.002642960287630558
0.002650580368936062
0.0026875066105276346
0.002642950974404812
0.0027568533550947905
0.002640314633026719
0.0025974339805543423
0.0027560805901885033
0.0026201321743428707
0.0026187824551016092
0.0027595246210694313
0.002720271237194538
0.0026314277201890945
0.002580659929662943
0.002741370815783739
0.0026510318275541067
0.0026996636297553778
0.002662935759872198
0.0025893403217196465
0.00274294288828969
0.0026893443427979946
0.0026364335790276527
0.002589467680081725
0.002645724918693304
0.0027554314583539963
0.002634087111800909
0.0025917598977684975
0.00266929529607296
0.002698818687349558
0.0027839846443384886
0.0027300489600747824
0.002730279928073287
0.0026125197764486074
0.002568274037912488
0.002671358874067664
0.0027162579353898764
0.00279062706977129
0.002772013656795025
0.0026726992800831795
0.002607986330986023
0.0026738985907286406
0.0025577237829566
0.0027451731730252504
0.0026193547528237104
0.0025990083813667297
0.0027179953176528215
0.0026648675557225943
0.0026494786143302917
0.0026752441190183163
0.002575826831161976
0.0026196723338216543
0.002658071229234338
0.0026466583367437124
0.002611996838822961
0.0026902577374130487
0.002687318716198206
0.0026964086573570967
0.002684592269361019
0.0027487333863973618
0.0026726650539785624
0.002635813085362315
0.002692129695788026
0.0026346491649746895
0.0027125170454382896
0.0026766967494040728
0.0026665800251066685
0.0026913092005997896
0.002675418509170413
0.0025807195343077183
0.0026015141047537327
0.0026059807278215885
0.002695417031645775
0.0025973725132644176
0.002697600983083248
0.0025562786031514406
0.0026474343612790108
0.0027284231036901474
0.0026098177768290043
0.00260183191858232
0.0027011374477297068
0.0027123219333589077
0.0025875342544168234
0.0026994177605956793
0.0027591681573539972
0.0025995802134275436
0.002588027622550726
0.0026445365510880947
0.002676893724128604
0.002768147038295865
0.002642830600962043
0.0027584859635680914
0.002631813520565629
0.002657645847648382
0.0026093367487192154
0.002673020586371422
0.002715569455176592
0.0026162222493439913
0.002646340988576412
0.002672951202839613
0.002662813290953636
0.0026401998475193977
0.002605677582323551
0.002575485035777092
0.0028105848468840122
0.0026954635977745056
0.0027007400058209896
0.0027037584222853184
0.0027488521300256252
0.0026356028392910957
0.0026435237377882004
0.0027116097044199705
0.0026972475461661816
0.0026851606089621782
0.0026427062693983316
0.002648178953677416
0.002600592328235507
0.0027412259951233864
0.0025749134365469217
0.002690196270123124
0.0026308156084269285
0.0026191675569862127
0.0025635978672653437
0.002648734487593174
0.002578071551397443
0.002603043569251895
0.002694041933864355
0.0027077419217675924
0.002742700045928359
0.0026290493551641703
0.0028309279587119818
0.0026726555079221725
0.0025865661446005106
0.0027910631615668535
0.0025790799409151077
0.0025996314361691475
0.0027086343616247177
0.0026525959838181734
0.0025539479684084654
0.002562645124271512
0.0027826991863548756
0.002727642422541976
0.00268754456192255
0.0026449281722307205
0.0026045204140245914
0.0026056780479848385
0.0026503452099859715
0.0027411668561398983
0.002608823822811246
0.0026254630647599697
0.00264216517098248
0.002607382135465741
0.0025953594595193863
0.002551670651882887
0.002659338992089033
0.00276693026535213
0.002696217270568013
0.00265383324585855
0.002616541925817728
0.0027942475862801075
0.002649588044732809
0.002654140815138817
0.002791603095829487
0.0025703920982778072
0.0026253140531480312
0.0025934665463864803
0.0025538483168929815
0.002634332748129964
0.0026423949748277664
0.0027352124452590942
0.0026700200978666544
0.0025436815340071917
0.0026219692081212997
0.00272381235845387
0.002681501442566514
0.0025735029485076666
0.0025985646061599255
0.002639257814735174
0.0025493898428976536
0.002665709238499403
0.002690132474526763
0.0026292491238564253
0.0027717610355466604
0.0026956729125231504
0.002637292258441448
0.002754839137196541
0.0027704997919499874
0.002602231688797474
0.002634265925735235
0.002634430304169655
0.0026225722394883633
0.0026772785931825638
0.0027011812198907137
0.002571976510807872
0.0026736597064882517
0.0027135503478348255
0.00260710041038692
0.002763862954452634
0.0025824755430221558
0.002680399687960744
0.002805169438943267
0.002550160977989435
0.002568851225078106
0.0025860616005957127
0.0026596984826028347
0.0027120665181428194
0.002539520850405097
0.0026752285193651915
0.002711652545258403
0.0025783851742744446
0.002682217163965106
0.0026836299803107977
0.0026721798349171877
0.002741000382229686
0.002679264172911644
0.002641246886923909
0.0026792269200086594
0.002697705291211605
0.002754059387370944
0.0027729463763535023
0.0025985422544181347
0.002680575242266059
0.002637669211253524
0.0026956722140312195
0.0026962854899466038
0.0026473861653357744
0.0026881792582571507
0.002728271298110485
0.0025997755583375692
0.0027622636407613754
0.00261759664863348
0.0027377945370972157
0.002711172914132476
0.002641580067574978
0.0026477230712771416
0.0026477009523659945
0.0026993316132575274
0.002715012989938259
0.0026405227836221457
0.00262267654761672
0.0025397941935807467
0.0026625902391970158
0.0025276285596191883
0.002576288301497698
0.0026322738267481327
0.0025781458243727684
0.0025710156187415123
0.0026745242066681385
0.0026757351588457823
0.0026303192134946585
0.0026378692127764225
0.0026103181298822165
0.002565954811871052
0.002714531496167183
0.002624244662001729
0.0026182085275650024
0.002617019461467862
0.0027620941400527954
0.0026861566584557295
0.002590506337583065
0.0026962074916809797
0.0026482362300157547
0.002622642321512103
0.002648221794515848
0.0025711674243211746
0.002610445022583008
0.0026949779130518436
0.0026584831066429615
0.0026336389128118753
0.0026653953827917576
0.002683501923456788
0.002702958881855011
0.0025824280455708504
0.0026028272695839405
0.0026819368358701468
0.002750968560576439
0.0025708687026053667
0.0026887161657214165
0.0026674086693674326
0.0025900935288518667
0.0027247383259236813
0.002628375543281436
0.0025611042510718107
0.0026608831249177456
0.0027007204480469227
0.00264232256449759
0.0027250389102846384
0.0026446483097970486
0.002634484088048339
0.0027030373457819223
0.002710081869736314
0.002675125375390053
0.002703944221138954
0.002687737112864852
0.0027475999668240547
0.002801040420308709
0.0026902558747678995
0.002619305159896612
0.002656124299392104
0.002585790818557143
0.0028187043499201536
0.0026333495043218136
0.002692827954888344
0.0027031570207327604
0.002715485170483589
0.00272620702162385
0.002679489552974701
0.002671986585482955
0.0026686384808272123
0.00265103904530406
0.0026565641164779663
0.002779529429972172
0.0025815998669713736
0.0026985204312950373
0.0026908358559012413
0.0027160232421010733
0.002623142208904028
0.002683772938326001
0.0026071006432175636
0.00271217105910182
0.002698967233300209
0.002660821657627821
0.0025878918822854757
0.0025499039329588413
0.0026488390285521746
0.0026272183749824762
0.0026273964904248714
0.002637330675497651
0.002622247440740466
0.002575695514678955
0.0026616686955094337
0.002639471087604761
0.0025502017233520746
0.002707189880311489
0.002523822244256735
0.0026209510397166014
0.0026109323371201754
0.002623146865516901
0.0026938437949866056
0.002674053655937314
0.0026509242597967386
0.002660583471879363
0.0026628414634615183
0.0026642181910574436
0.002804223680868745
0.0027296445332467556
0.0026324063073843718
0.0026269489899277687
0.0026498183142393827
0.0026211163494735956
0.002586008980870247
0.002634434960782528
0.0026444310788065195
0.002690861001610756
0.0026266800705343485
0.0026839706115424633
0.002687213011085987
0.0026167414616793394
0.002725103171542287
0.00268006999976933
0.002658185549080372
0.002762419870123267
0.002707680454477668
0.002633151365444064
0.002574483398348093
0.002619037637487054
0.0026716790162026882
0.002581634558737278
0.0026888037100434303
0.002598291030153632
0.0026061818934977055
0.002579333260655403
0.002628355985507369
0.002599734114482999
0.0025802545715123415
0.002664586529135704
0.002684590872377157
0.0025794794782996178
0.0026101686526089907
0.0027205764781683683
0.002549960045143962
0.0026517496444284916
0.0026999826077371836
0.0026082447730004787
0.0025277030654251575
0.002599799307063222
0.0027024508453905582
0.002644524211063981
0.002648584544658661
0.0025909829419106245
0.00275037856772542
0.0026267035864293575
0.00262545351870358
0.0026662314776331186
0.002535582520067692
0.0026583829894661903
0.0027685982640832663
0.0025786831974983215
0.0025833535473793745
0.0027008599136024714
0.002630347851663828
0.0027601467445492744
0.0027089999057352543
0.00261249509640038
0.0026617625262588263
0.0026070966850966215
0.00258610094897449
0.0026485889684408903
0.002483582589775324
0.0026334994472563267
0.002587728900834918
0.002623927081003785
0.002616687910631299
0.0026175882667303085
0.002747511025518179
0.002612402429804206
0.002669891342520714
0.0026148015167564154
0.002659398363903165
0.002603811677545309
0.0026530115865170956
0.0027011700440198183
0.002574909245595336
0.0026976740919053555
0.0026141274720430374
0.0026106706354767084
0.0026735388673841953
0.0027113622054457664
0.002737649017944932
0.002666069194674492
0.002614616649225354
0.002733037807047367
0.002656639786437154
0.0026748538948595524
0.0026380857452750206
0.0026522416155785322
0.002665110630914569
0.0025124498642981052
0.00265670707449317
0.00273907626979053
0.002779911505058408
0.002631846349686384
0.002601074054837227
0.0026777172461152077
0.002792434999719262
0.0026251301169395447
0.0027018447872251272
0.0027167294174432755
0.002548397518694401
0.0027548670768737793
0.0026050794404000044
0.002723793964833021
0.00265146279707551
0.0026428643614053726
0.002668587025254965
0.0026649441570043564
0.002658381825312972
0.002664154162630439
0.002555478597059846
0.0026212104130536318
0.0026932067703455687
0.0025495681911706924
0.002635916694998741
0.0026706126518547535
0.0026098168455064297
0.00260266475379467
0.0025193667970597744
0.00262476596981287
0.0026252074167132378
0.002581838285550475
0.002805689349770546
0.0025870578829199076
0.0025685266591608524
0.0025961173232644796
0.002677201060578227
0.002764403121545911
0.0025984286330640316
0.0026768126990646124
0.0026829682756215334
0.002658615354448557
0.002677793148905039
0.002634091302752495
0.0026163088623434305
0.0025751381181180477
0.0025115555617958307
0.0026220909785479307
0.0026140117552131414
0.0026626638136804104
0.002702848520129919
0.002588663948699832
0.002607685513794422
0.0026653087697923183
0.0027294354513287544
0.002557338448241353
0.002605160465463996
0.002587920054793358
0.0026154862716794014
0.0026369402185082436
0.002608652925118804
0.0027192882262170315
0.0026409742422401905
0.002732491120696068
0.0027644706424325705
0.002601971384137869
0.002620331710204482
0.0026505698915570974
0.0026876365300267935
0.002653067000210285
0.002673711162060499
0.0026453151367604733
0.0025860879104584455
0.0025199921801686287
0.0026015853509306908
0.0026881801895797253
0.0026192800141870975
0.002685224637389183
0.002606411464512348
0.0025931778363883495
0.0027009749319404364
0.0025423262268304825
0.002767892787232995
0.0027103708125650883
0.002768103498965502
0.002547943266108632
0.002649945905432105
0.0026767090894281864
0.002641287399455905
0.002613269491121173
0.00259467214345932
0.0025675527285784483
0.0026565876323729753
0.0026950803585350513
0.002599062630906701
0.0025257011875510216
0.0026224832981824875
0.0026476981583982706
0.002563077723607421
0.0026562551502138376
0.002624805783852935
0.0025987341068685055
0.002573278034105897
0.0026528325397521257
0.002693499904125929
0.002618194790557027
0.0026292887050658464
0.00262697646394372
0.0026639702264219522
0.002636450808495283
0.002622645115479827
0.0026770320255309343
0.00266835605725646
0.002712035086005926
0.0027024296578019857
0.0026923096738755703
0.0026839161291718483
0.002573968842625618
0.0027221906930208206
0.0026923171244561672
0.002516261301934719
0.0026433710008859634
0.002476030495017767
0.0026439831126481295
0.002575712511315942
0.0025746033061295748
0.002593677956610918
0.002665950683876872
0.0025108640547841787
0.0027009432669728994
0.0025546718388795853
0.0026888581924140453
0.002658478682860732
0.0027058192063122988
0.002690419787541032
0.002728077583014965
0.002662614919245243
0.002680844161659479
0.0026339651085436344
0.002483103657141328
0.0026518807280808687
0.0026705125346779823
0.002588643692433834
0.0027311681769788265
0.002709579188376665
0.0026236765552312136
0.0026358170434832573
0.0026580181438475847
0.0025261910632252693
0.0025924397632479668
0.002648936817422509
0.00258664065040648
0.0026377257890999317
0.002612484386190772
0.002612435258924961
0.002589021809399128
0.0026926533319056034
0.002716431627050042
0.0027334277983754873
0.0027093023527413607
0.0026611245702952147
0.0027060944121330976
0.002619080478325486
0.002657578093931079
0.002619554288685322
0.0026708468794822693
0.0026413339655846357
0.0025368642527610064
0.002643474843353033
0.0026624694000929594
0.0026539971586316824
0.0026890996377915144
0.0026838683988898993
0.002668169792741537
0.0026356198359280825
0.0025637694634497166
0.002492641331627965
0.0026237121783196926
0.002716577146202326
0.0026841440703719854
0.002700613811612129
0.002578841056674719
0.0027290997095406055
0.002636186545714736
0.0025345291942358017
0.002620196435600519
0.002743772929534316
0.0026986682787537575
0.0026890987064689398
0.002704680198803544
0.0027229092083871365
0.002707368228584528
0.002674916060641408
0.0026587501633912325
0.0025743916630744934
0.0026935935020446777
0.002669215900823474
0.0027040736749768257
0.0025445041246712208
0.0026404024101793766
0.002648965222761035
0.0026077283546328545
0.002598289866000414
0.0026492071337997913
0.0026889413129538298
0.002663395134732127
0.002671360969543457
0.0025971736758947372
0.0026092228945344687
0.0026549757458269596
0.002613148419186473
0.002558268839493394
0.0024944734759628773
0.0026063015684485435
0.0027901590801775455
0.00256626820191741
0.0025984167587012053
0.0026502972468733788
0.002525504445657134
0.002514112275093794
0.0026762487832456827
0.002703621983528137
0.002545625902712345
0.0026885459665209055
0.0026783423963934183
0.0026298135053366423
0.0026636815164238214
0.002666950924322009
0.002731426153331995
0.0025818957947194576
0.0025721408892422915
0.0026330084074288607
0.00269488338381052
0.0026232877280563116
0.0027336289640516043
0.002572648925706744
0.0026635981630533934
0.002615041797980666
0.0025110943242907524
0.0025661196559667587
0.0027218135073781013
0.002658015815541148
0.002709047170355916
0.002640228485688567
0.002645718166604638
0.002607370261102915
0.0026468962896615267
0.002676050877198577
0.002636871300637722
0.002736074849963188
0.0026180422864854336
0.002541968133300543
0.0026111952029168606
0.0026498818770051003
0.002564204391092062
0.0026221543084830046
0.0025983909144997597
0.0026162967551499605
0.002540752524510026
0.0025500247720628977
0.0025550113059580326
0.002600317355245352
0.002640865044668317
0.0026236020494252443
0.0027517087291926146
0.002711441135033965
0.0026428031269460917
0.002656526630744338
0.0025696202646940947
0.0026340382173657417
0.0026629739440977573
0.0026056820061057806
0.0025812224484980106
0.00265582837164402
0.0026259645819664
0.002631230279803276
0.002656749216839671
0.0026939832605421543
0.0026222083251923323
0.002567780902609229
0.002715883543714881
0.0026630256325006485
0.0026921310927718878
0.002578643150627613
0.0026567336171865463
0.0025426319334656
0.002642539096996188
0.0025701671838760376
0.0025992966257035732
0.002608934650197625
0.002705424092710018
0.002531459555029869
0.002723511541262269
0.002619669074192643
0.0026717218570411205
0.0025365534238517284
0.002678414573892951
0.002666729735210538
0.0026201074942946434
0.002570763463154435
0.0026499200612306595
0.0027005004230886698
0.002599132712930441
0.0027048832271248102
0.002729878993704915
0.0027167117223143578
0.002710632048547268
0.002553927944973111
0.002755817724391818
0.0027248691767454147
0.002606175607070327
0.002674991264939308
0.0025910972617566586
0.0025896017905324697
0.0027342343237251043
0.00264275586232543
0.0026546353474259377
0.002595143625512719
0.0026903250254690647
0.0027405854780226946
0.002651271177455783
0.0026675837580114603
0.00258861412294209
0.0025768408086150885
0.0025697052478790283
0.0025592325255274773
0.0027038846164941788
0.002652376191690564
0.0027101687155663967
0.0025565610267221928
0.0026342389173805714
0.002589267445728183
0.0025697306264191866
0.0026143977884203196
0.0026351355481892824
0.002660642610862851
0.0026428191922605038
0.0026579934637993574
0.002618578029796481
0.0025740740820765495
0.002629917347803712
0.0025951501447707415
0.002622822532430291
0.0025942218489944935
0.0025840976741164923
0.0026538216043263674
0.0025768112391233444
0.002657909644767642
0.0026352822314947844
0.002553975908085704
0.0025925147347152233
0.0026285157073289156
0.00277695176191628
0.002584230387583375
0.002659742021933198
0.0025930667761713266
0.0024479590356349945
0.002611408242955804
0.0025142424274235964
0.0026162934955209494
0.0026675995904952288
0.0026618025731295347
0.002554516540840268
0.0026234390679746866
0.002640803810209036
0.0026033520698547363
0.0028059324249625206
0.0026791137643158436
0.00263584335334599
0.0025891372933983803
0.0025480433832854033
0.00269280094653368
0.0026101339608430862
0.0026226884219795465
0.0025722160935401917
0.0026332256384193897
0.0026336440350860357
0.002668335335329175
0.002706344472244382
0.002592717995867133
0.002635269658640027
0.0026440361980348825
0.0026196837425231934
0.0026459679938852787
0.0026077779475599527
0.0025864699855446815
0.002575014252215624
0.002536698477342725
0.0025935322046279907
0.0025308767799288034
0.002636183984577656
0.0026647564955055714
0.0026379344053566456
0.0025272266939282417
0.0026541382540017366
0.002628141548484564
0.002649067435413599
0.002633919008076191
0.0026116559747606516
0.002654174342751503
0.002630911534652114
0.0026229070499539375
0.00260707619599998
0.0026364275254309177
0.002621866762638092
0.0026728215161710978
0.002623074920848012
0.0026026058476418257
0.0026836171746253967
0.002714398317039013
0.0025716966483742
0.002510188613086939
0.0025519481860101223
0.002707122825086117
0.0027160090394318104
0.0025117341428995132
0.0026417437475174665
0.002550367033109069
0.0027119142469018698
0.002586413873359561
0.0026966535951942205
0.0026840188074856997
0.0025725022424012423
0.002591725904494524
0.0024529192596673965
0.002610281342640519
0.0025635650381445885
0.002615292090922594
0.0027391621842980385
0.002589969430118799
0.0027161589823663235
0.002635406795889139
0.002633241470903158
0.0026138878893107176
0.002621846506372094
0.0026839300990104675
0.002624158514663577
0.0026291226968169212
0.0025952369906008244