0.00018445866589900106
0.011862012557685375
0.04632101207971573
0.054833877831697464
0.05923885852098465
0.06598470360040665
0.07349514216184616
0.07563228905200958
0.07704926282167435
0.073236845433712
0.07834102213382721
0.07587041705846786
0.0737646222114563
0.07387048006057739
0.07482645660638809
0.07710015028715134
0.07406690716743469
0.07598385959863663
0.07939699292182922
0.07642804831266403
0.07606430351734161
0.07856255769729614
0.0789814442396164
0.07725603878498077
0.07699128985404968
0.07779857516288757
0.07566983252763748
0.0784512385725975
0.07477173209190369
0.07816433906555176
0.07670477032661438
0.07800330966711044
0.07640775293111801
0.0779055580496788
0.07807324826717377
0.07819496840238571
0.07940835505723953
0.08044104278087616
0.08128533512353897
0.07687006890773773
0.07448455691337585
0.07766174525022507
0.07746031135320663
0.0766240581870079
0.07874482870101929
0.07643970847129822
0.07866416871547699
0.07809081673622131
0.07857518643140793
0.07867371290922165
0.07757732272148132
0.07580072432756424
0.07695063948631287
0.07728263735771179
0.07808710634708405
0.07821349799633026
0.07620343565940857
0.08066869527101517
0.08140169084072113
0.07482326030731201
0.0784013494849205
0.08272934705018997
0.0783127173781395
0.07615188509225845
0.07835157215595245
0.08032595366239548
0.07535474002361298
0.08173628896474838
0.07820210605859756
0.07688610255718231
0.08106280118227005
0.07846139371395111
0.07864898443222046
0.07946103811264038
0.07894732803106308
0.07624229788780212
0.07908597588539124
0.07930153608322144
0.07979508489370346
0.07739071547985077
0.07928577065467834
0.08060799539089203
0.07912707328796387
0.08084991574287415
0.07905296981334686
0.07991266995668411
0.0799509733915329
0.08064897358417511
0.07533157616853714
0.07624362409114838
0.08102349191904068
0.08139821887016296
0.08087006211280823
0.07914705574512482
0.08132607489824295
0.08020449429750443
0.07808339595794678
0.07773059606552124
0.07810105383396149
0.07926490902900696
0.08254413306713104
0.08194362372159958
0.08186854422092438
0.08445926010608673
0.0798521339893341
0.08357544243335724
0.08175799995660782
0.07932617515325546
0.08099236339330673
0.08020515739917755
0.08153346180915833
0.07940072566270828
0.07827252149581909
0.07911466062068939
0.07742032408714294
0.0758451521396637
0.08379524946212769
0.08104059845209122
0.07921285927295685
0.08240441977977753
0.07748017460107803
0.07945596426725388
0.08077923953533173
0.08110561966896057
0.08036591857671738
0.08258666098117828
0.07691310346126556
0.07929568737745285
0.0828053280711174
0.07922014594078064
0.08155747503042221
0.07725045830011368
0.08070921152830124
0.08052676916122437
0.08120386302471161
0.07576267421245575
0.08196428418159485
0.0769554153084755
0.08169395476579666
0.07958650588989258
0.07968311011791229
0.07816103845834732
0.08019360899925232
0.07852236926555634
0.08084602653980255
0.08020205795764923
0.07894409447908401
0.08401120454072952
0.08331131190061569
0.08304329216480255
0.08093254268169403
0.07992704212665558
0.07784023135900497
0.08182958513498306
0.08347736299037933
0.08265039324760437
0.07851123064756393
0.07897162437438965
0.07825057208538055
0.08149201422929764
0.08025193959474564
0.07898019999265671
0.07874181866645813
0.0809805765748024
0.0799785628914833
0.07973065227270126
0.082410529255867
0.07849721610546112
0.08279553055763245
0.07875736802816391
0.07909072190523148
0.07963671535253525
0.07950121909379959
0.07928261905908585
0.08119109272956848
0.08274167776107788
0.07854332774877548
0.0785638615489006
0.07836314290761948
0.07944322377443314
0.0772010013461113
0.082984060049057
0.08051156997680664
0.07747486233711243
0.07936349511146545
0.08113308995962143
0.08423963189125061
0.08082634210586548
0.07767976075410843
0.08394178748130798
0.07821334153413773
0.07957534492015839
0.08134432137012482
0.08167027682065964
0.08173086494207382
0.08078061789274216
0.07615309953689575
0.07724270224571228
0.08185811340808868
0.08502903580665588
0.08133085072040558
0.08160801231861115
0.07913795113563538
0.08243966102600098
0.08186563849449158
0.0821787565946579
0.0788990706205368
0.08194649964570999
0.07793502509593964
0.07928811758756638
0.0802435427904129
0.08049439638853073
0.0805816724896431
0.07865815609693527
0.08025282621383667
0.0856643095612526
0.07838215678930283
0.07933475822210312
0.07896969467401505
0.08122850209474564
0.0830114558339119
0.07886162400245667
0.08155784755945206
0.08007556200027466
0.08064781129360199
0.08246850967407227
0.07775008678436279
0.08083724975585938
0.08470041304826736
0.08090267330408096
0.08188394457101822
0.08022073656320572
0.08348073810338974
0.08275088667869568
0.08328240364789963
0.08139541745185852
0.08267735689878464
0.07883194088935852
0.08177269250154495
0.08252701908349991
0.07875528931617737
0.08051994442939758
0.08173679560422897
0.08038952201604843
0.07928349822759628
0.08262527734041214
0.08213958144187927
0.08258030563592911
0.0783354863524437
0.0827692449092865
0.08289232105016708
0.08381184935569763
0.08142327517271042
0.079511858522892
0.08018499612808228
0.08064913004636765
0.08523988723754883
0.08394904434680939
0.0808013454079628
0.07968978583812714
0.08225014060735703
0.08531557023525238
0.08239929378032684
0.07758037000894547
0.08559580892324448
0.08389988541603088
0.08212466537952423
0.08247542381286621
0.08021444082260132
0.07937958091497421
0.083376444876194
0.08042576909065247
0.08101142942905426
0.084147147834301
0.07903677225112915
0.08295855671167374
0.08240959793329239
0.0801839828491211
0.08034566789865494
0.08204620331525803
0.07893378287553787
0.08276554197072983
0.0784367099404335
0.07797491550445557
0.08139029145240784
0.07940037548542023
0.08208663016557693
0.0790177434682846
0.0808766558766365
0.08138960599899292
0.0778530016541481
0.08325248956680298
0.08394469320774078
0.08099763840436935
0.07809464633464813
0.08086701482534409
0.08075723052024841
0.07975830137729645
0.08207689225673676
0.08020210266113281
0.07989675551652908
0.08232882618904114
0.07670490443706512
0.08108439296483994
0.08302000910043716
0.07857872545719147
0.07447797060012817
0.0803178995847702
0.07887382805347443
0.07784820348024368
0.08203841000795364
0.08115226030349731
0.0812116339802742
0.07673352211713791
0.07745030522346497
0.07776826620101929
0.08145980536937714
0.07858820259571075
0.08188125491142273
0.08087942749261856
0.07884438335895538
0.08166275173425674
0.08186053484678268
0.07731197029352188
0.08184058219194412
0.07672914862632751
0.08259597420692444
0.079568050801754
0.0793742910027504
0.08136074990034103
0.08038320392370224
0.0807289108633995
0.07756807655096054
0.07865477353334427
0.08347037434577942
0.07754591107368469
0.07627397775650024
0.08363806456327438
0.0813421979546547
0.08034119755029678
0.08527595549821854
0.0822782814502716
0.08344224840402603
0.07811607420444489
0.07848738878965378
0.07773476839065552
0.08073673397302628
0.07892817258834839
0.08159749954938889
0.07868316769599915
0.08317483961582184
0.08147995918989182
0.08033173531293869
0.08132102340459824
0.07699022442102432
0.07865378260612488
0.0809704139828682
0.07794129103422165
0.07889506220817566
0.07937347143888474
0.08167634159326553
0.08040093630552292
0.07365477830171585
0.07773838192224503
0.08010907471179962
0.0766078308224678
0.08140116930007935
0.07893728464841843
0.07691672444343567
0.07754354923963547
0.0766139104962349
0.08096108585596085
0.08015714585781097
0.0775267630815506
0.08107595145702362
0.08171398192644119
0.08493055403232574
0.0796431452035904
0.08342334628105164
0.07842317223548889
0.08098691701889038
0.0812639594078064
0.07785992324352264
0.08065609633922577
0.0789514034986496
0.08523111045360565
0.08238083869218826
0.08060666173696518
0.08101629465818405
0.08207139372825623
0.08274924010038376
0.08071040362119675
0.08101246505975723
0.08178520202636719
0.07886581122875214
0.08103081583976746
0.08206150680780411
0.0860351175069809
0.08082564175128937
0.08379237353801727
0.08315027505159378
0.0839371606707573
0.08190556615591049
0.08260906487703323
0.08089309930801392
0.08062130957841873
0.08107753843069077
0.08177553117275238
0.08010275661945343
0.08152082562446594
0.08337520807981491
0.08003716170787811
0.08306074142456055
0.08233925700187683
0.08126111328601837
0.0801246389746666
0.08244997262954712
0.0827983096241951
0.08516403287649155
0.08353611826896667
0.08255310356616974
0.08385467529296875
0.08178584277629852
0.08223609626293182
0.0841779112815857
0.08103909343481064
0.08066024631261826
0.08276590704917908
0.08243578672409058
0.08225705474615097
0.08191099017858505
0.07965964823961258
0.08367200195789337
0.08139374107122421
0.08227181434631348
0.08337817341089249
0.08327379077672958
0.08380378782749176
0.08075614273548126
0.08306910842657089
0.08078905194997787
0.0810043141245842
0.08162669092416763
0.07654482126235962
0.08075857162475586
0.0839693546295166
0.08207010477781296
0.07876212894916534
0.08188945800065994
0.08241210132837296
0.08210600912570953
0.07887407392263412
0.08122856169939041
0.08200463652610779
0.0843748152256012
0.08584700524806976
0.07889573276042938
0.08248618990182877
0.08363055437803268
0.08249051868915558
0.08228309452533722
0.08415744453668594
0.0815797746181488
0.07948877662420273
0.07724429666996002
0.07931523025035858
0.0813327506184578
0.08187279105186462
0.07895409315824509
0.07829649746417999
0.07925098389387131
0.08320309966802597
0.0816332995891571
0.0824776291847229
0.08568233251571655
0.07902653515338898
0.08115901798009872
0.08520467579364777
0.08267611265182495
0.08089208602905273
0.08197574317455292
0.08131935447454453
0.08299703896045685
0.08036097884178162
0.08245233446359634
0.08229654282331467
0.08287215977907181
0.08203335851430893
0.08265014737844467
0.08003991842269897
0.07946261018514633
0.07893861085176468
0.07988157123327255
0.08168376982212067
0.0853276476264
0.08107273280620575
0.08065026998519897
0.08311644196510315
0.07982688397169113
0.08246346563100815
0.08242413401603699
0.08389721065759659
0.08521120250225067
0.07938501983880997
0.08010837435722351
0.08280598372220993
0.08033578097820282
0.0778152123093605
0.0841059461236
0.07879369705915451
0.0849371924996376
0.0800073891878128
0.08114845305681229
0.08042153716087341
0.08375752717256546
0.08263607323169708
0.08361585438251495
0.08082107454538345
0.07983873039484024
0.0798155665397644
0.08011248707771301
0.08102134615182877
0.08100837469100952
0.07978247106075287
0.07998780161142349
0.08094180375337601
0.08109526336193085
0.08640772849321365
0.08273056149482727
0.08091099560260773
0.08133932948112488
0.0798957422375679
0.0791739821434021
0.08100332319736481
0.07958833873271942
0.08382156491279602
0.08055400103330612
0.08114439249038696
0.08184409886598587
0.08006316423416138
0.0800032690167427
0.07931744307279587
0.08368436992168427
0.0787149965763092
0.08270884305238724
0.0817156732082367
0.08104296028614044
0.0831139087677002
0.08089996129274368
0.08408338576555252
0.08041351288557053
0.08333230763673782
0.08262085169553757
0.07900520414113998
0.08133619278669357
0.0805402547121048
0.08267157524824142
0.08424146473407745
0.0843796506524086
0.08029963821172714
0.08500722050666809
0.08557622134685516
0.08080652356147766
0.08069074898958206
0.07943075895309448
0.08419385552406311
0.08107133954763412
0.07912192493677139
0.08295109122991562
0.08210176229476929
0.08227422088384628
0.07947815209627151
0.08391258865594864
0.08272251486778259
0.08386072516441345
0.08136118948459625
0.08556732535362244
0.07970388233661652
0.0792887806892395
0.07872424274682999
0.08009416610002518
0.08254233002662659
0.0847059041261673
0.08095236867666245
0.08528698235750198
0.0852040946483612
0.08118647336959839
0.08444606512784958
0.08078586310148239
0.07776622474193573
0.08148990571498871
0.08111052215099335
0.08050049096345901
0.0807008147239685
0.07878782600164413
0.0815810039639473
0.0812515988945961
0.08805330097675323
0.08617087453603745
0.08255495876073837
0.08258882164955139
0.08086246252059937
0.08190346509218216
0.08171965926885605
0.08663003891706467
0.08391386270523071
0.08236190676689148
0.08253053575754166
0.08520535379648209
0.07617565244436264
0.08491021394729614
0.0833885446190834
0.08305003494024277
0.08066058158874512
0.08184497803449631
0.08203243464231491
0.08292082697153091
0.0833379328250885
0.0819624587893486
0.08094202727079391
0.07836263626813889
0.08227822184562683
0.07763038575649261
0.07853738963603973
0.08364088833332062
0.08053694665431976
0.08111030608415604
0.08539889007806778
0.08152347803115845
0.08091699331998825
0.07980268448591232
0.07911697030067444
0.07911805808544159
0.0831179991364479
0.0830652043223381
0.08169823884963989
0.0854140967130661
0.08147222548723221
0.08151215314865112
0.07955101132392883
0.08027123659849167
0.07967764139175415
0.08009817451238632
0.08191356807947159
0.08365008980035782
0.08029518276453018
0.08026690781116486
0.0819067731499672
0.08155215531587601
0.07873750478029251
0.08177465200424194
0.08822305500507355
0.08420457690954208
0.0819011777639389
0.07868809998035431
0.08406993001699448
0.08026858419179916
0.08305954933166504
0.08123911917209625
0.08111271262168884
0.08089181035757065
0.08176197856664658
0.08339711278676987
0.08353608846664429
0.08381833136081696
0.08170250058174133
0.08056137710809708
0.08204229176044464
0.07980260252952576
0.0825362429022789
0.08278629183769226
0.08339568972587585
0.08300675451755524
0.07853102684020996
0.08173166960477829
0.08275914192199707
0.08171402662992477
0.08241838216781616
0.08436489850282669
0.07881206274032593
0.08436200767755508
0.0797697976231575
0.08212919533252716
0.08085764199495316
0.0811370387673378
0.08296596258878708
0.08393366634845734
0.07900439947843552
0.08245457708835602
0.08158864825963974
0.08141722530126572
0.08458522707223892
0.08196039497852325
0.08415487408638
0.08094805479049683
0.08072859793901443
0.08264143019914627
0.08378379791975021
0.08056583255529404
0.08361198753118515
0.08056733012199402
0.08368837088346481
0.08362086117267609
0.08372878283262253
0.082068532705307
0.08155253529548645
0.07805351912975311
0.08027993142604828
0.08083364367485046
0.0810777023434639
0.08327838778495789
0.08011232316493988
0.0822819247841835
0.08139313757419586
0.0827779471874237
0.08220376819372177
0.08219731599092484
0.08067429810762405
0.08077642321586609
0.0822119414806366
0.07867297530174255
0.08159416913986206
0.08350106328725815
0.08124171942472458
0.08121392875909805
0.08301946520805359
0.08149745315313339
0.08464383333921432
0.0862036794424057
0.08364109694957733
0.08508306741714478
0.08380281180143356
0.07873677462339401
0.0829315185546875
0.08038540184497833
0.08549387007951736
0.08142433315515518
0.0826367437839508
0.08352755755186081
0.08051551878452301
0.08086573332548141
0.08154679089784622
0.0796625167131424
0.08224556595087051
0.08365634828805923
0.08292681723833084
0.08305278420448303
0.08066682517528534
0.08279138803482056
0.08102960884571075
0.0832812488079071
0.0822201669216156
0.0806475430727005
0.07965192198753357
0.08276931941509247
0.0820445790886879
0.08321699500083923
0.08564268052577972
0.08314552158117294
0.08306380361318588
0.08134947717189789
0.08249180763959885
0.07956951856613159
0.081574946641922
0.08180698752403259
0.08071547746658325
0.0816100686788559
0.08287201821804047
0.0803641527891159
0.0844840407371521
0.08097751438617706
0.0830170065164566
0.08381929248571396
0.07824806123971939
0.08048075437545776
0.08284105360507965
0.08055968582630157
0.08396599441766739
0.0844905748963356
0.08258728682994843
0.08437544852495193
0.08403895050287247
0.0779571682214737
0.08491744101047516
0.08086055517196655
0.08042730391025543
0.07796240597963333
0.08361499011516571
0.08287069946527481
0.08559829741716385
0.08079954981803894
0.08280709385871887
0.08625521510839462
0.08099830895662308
0.08201456815004349
0.08149583637714386
0.07977595180273056
0.08120986819267273
0.08231370896100998
0.08499749004840851
0.08017311990261078
0.08058676868677139
0.08376795798540115
0.08132482320070267
0.08432874083518982
0.08311604708433151
0.08008889853954315
0.08633283525705338
0.08325375616550446
0.08263648301362991
0.08424592763185501
0.08345519751310349
0.08074241876602173
0.08271017670631409
0.07949347048997879
0.0788109302520752
0.0813031867146492
0.08217243105173111
0.07945426553487778
0.08092325180768967
0.08079037070274353
0.08205046504735947
0.08324361592531204
0.07902286946773529
0.08126690238714218
0.08528154343366623
0.07819672673940659
0.08514553308486938
0.08177024126052856
0.0826687216758728
0.07957451790571213
0.08491767942905426
0.08172665536403656
0.08121626079082489
0.08204665780067444
0.08439952880144119
0.08170005679130554
0.08074114471673965
0.08188110589981079
0.08122733235359192
0.08092043548822403
0.08236183226108551
0.08083616197109222
0.08590186387300491
0.08476973325014114
0.08163571357727051
0.08422946184873581
0.08285685628652573
0.08414604514837265
0.08063482493162155
0.07952538132667542
0.08178189396858215
0.07948122173547745
0.08206545561552048
0.0790783017873764
0.0807856023311615
0.08112053573131561
0.0875684916973114
0.08185644447803497
0.08042100071907043
0.08087422698736191
0.08469277620315552
0.07982192188501358
0.08263951539993286
0.08064217865467072
0.08444036543369293
0.07983842492103577
0.07773087918758392
0.0819934532046318
0.08345286548137665
0.07973220944404602
0.08142352104187012
0.07921749353408813
0.08032574504613876
0.08339004218578339
0.0819222703576088
0.08182140439748764
0.0828859880566597
0.08277509361505508
0.08162056654691696
0.08062934130430222
0.08309052139520645
0.08058255910873413
0.08313210308551788
0.08482971787452698
0.08217860013246536
0.0850318893790245
0.08255349844694138
0.08222191035747528
0.08494234085083008
0.08567233383655548
0.0824550911784172
0.08344731479883194
0.08050968497991562
0.08094541728496552
0.07954490929841995
0.08159647136926651
0.07791431993246078
0.08051369339227676
0.07976910471916199
0.08232195675373077
0.08144599944353104
0.0874599814414978
0.08147546648979187
0.07994585484266281
0.08146567642688751
0.07897728681564331
0.08396560698747635
0.08162011206150055
0.08400872349739075
0.07884732633829117
0.08208464831113815
0.08019603788852692
0.08725797384977341
0.08064191043376923
0.07814576476812363
0.08171446621417999
0.08132897317409515
0.08424636721611023
0.08186158537864685
0.08245563507080078
0.08271820843219757
0.08323036879301071
0.08284659683704376
0.08385824412107468
0.08292276412248611
0.08482232689857483
0.08142092078924179
0.08570898324251175
0.0809771716594696
0.08157617598772049
0.07971074432134628
0.0805962085723877
0.08392556011676788
0.08252809196710587
0.08077625930309296
0.08036647737026215
0.08312004059553146
0.08474608510732651
0.0795731320977211
0.08527078479528427
0.08176234364509583
0.08283375948667526
0.08377847820520401
0.08300017565488815
0.07696720957756042
0.08306180685758591
0.08238564431667328
0.08314242959022522
0.08004926890134811
0.07829617708921432
0.08329281210899353
0.08492940664291382
0.08415645360946655
0.08309796452522278
0.0815163403749466
0.08036235719919205
0.08308567851781845
0.08144274353981018
0.08382650464773178
0.08432644605636597
0.08047695457935333
0.08047632873058319
0.08153199404478073
0.08069758117198944
0.0820172131061554
0.08089932799339294
0.08273427933454514
0.08293384313583374
0.07866020500659943
0.08352279663085938
0.08336778730154037
0.08410675823688507
0.0814945325255394
0.08302246034145355
0.08159654587507248
0.08241308480501175
0.08215239644050598
0.07997650653123856
0.08399858325719833
0.08574105054140091
0.08355012536048889
0.08006929606199265
0.07974015921354294
0.0823480412364006
0.08061298727989197
0.08349622040987015
0.0820837914943695
0.07835222035646439
0.0813484787940979
0.08171740174293518
0.08334812521934509
0.08345942199230194
0.08102632313966751
0.08017348498106003
0.08109349012374878
0.08057498931884766
0.0819898247718811
0.08411005884408951
0.08284488320350647
0.08376355469226837
0.08220981806516647
0.0833292007446289
0.08194147795438766
0.0817449539899826
0.08257539570331573
0.08167750388383865
0.08664777874946594
0.08012447506189346
0.08223086595535278
0.07949788868427277
0.08009647578001022
0.08250785619020462
0.08056467026472092
0.08215784281492233
0.08290641754865646
0.07902191579341888
0.0817788690328598
0.08435272425413132
0.08158475160598755
0.08796031773090363
0.08216558396816254
0.08381514251232147
0.08126479387283325
0.080365851521492
0.08266188949346542
0.08366631716489792
0.08442740142345428
0.0831625685095787
0.0792158767580986
0.08232791721820831
0.08502640575170517
0.08317574858665466
0.08296758681535721
0.0862957313656807
0.08057983219623566
0.08492181450128555
0.08134301006793976
0.08152249455451965
0.07756552845239639
0.08498328924179077
0.0817045122385025
0.08162757009267807
0.08036574721336365
0.07985476404428482
0.08156657963991165
0.07737283408641815
0.08174703270196915
0.08131957799196243
0.08358574658632278
0.07935614138841629
0.08460582792758942
0.08445776253938675
0.08006495237350464
0.08251176029443741
0.08176189661026001
0.08405031263828278
0.082587331533432
0.0797407329082489
0.08420051634311676
0.0833665058016777
0.08135717362165451
0.08270352333784103
0.08133455365896225
0.08235906809568405
0.08136299252510071
0.08035697042942047
0.08136706054210663
0.08237078785896301
0.08356040716171265
0.08256428688764572
0.07926175743341446
0.08267948776483536
0.08123946934938431
0.07892104983329773
0.0817575454711914
0.0820401981472969
0.08306488394737244
0.08453497290611267
0.084432452917099
0.08300985395908356
0.07881765067577362
0.0846586599946022
0.07923445850610733
0.08144714683294296
0.0826919674873352
0.08491159230470657
0.07942552864551544
0.077054463326931
0.08392464369535446
0.08236432820558548
0.08195440471172333
0.08473439514636993
0.08376752585172653
0.08219406753778458
0.08151648193597794
0.08105611801147461
0.08158411085605621
0.08483795821666718
0.08098888397216797
0.08330107480287552
0.08092712610960007
0.08126845955848694
0.07999543845653534
0.08329486101865768
0.08168689906597137
0.0822983905673027
0.08150437474250793
0.0825987458229065
0.08131227642297745
0.08229295909404755
0.08075319975614548
0.08511591702699661
0.08362025022506714
0.08396937698125839
0.0823390856385231
0.08441543579101562
0.08360811322927475
0.08163127303123474
0.08028746396303177
0.08697947859764099
0.08298197388648987
0.08349251747131348
0.07934720814228058
0.08202025294303894
0.08373310416936874
0.0830364003777504
0.08167283236980438
0.08361560851335526
0.08052629232406616
0.08029110729694366
0.0853956788778305
0.08115505427122116
0.08222924917936325
0.0854514017701149
0.08328268676996231
0.08114073425531387
0.08054635673761368
0.08577768504619598
0.08206450194120407
0.0831189751625061
0.08118325471878052
0.07975086569786072
0.08526982367038727
0.08307276666164398
0.08116743713617325
0.08192315697669983
0.08110985904932022
0.08512189984321594
0.08051399886608124
0.08061210811138153
0.08245137333869934
0.08213404566049576
0.085238516330719
0.08337317407131195
0.08442997187376022
0.08126132190227509
0.08031619340181351
0.08176347613334656
0.0840422734618187
0.08474534749984741
0.08633176982402802
0.08338886499404907
0.07979749888181686
0.08325672149658203
0.07797201722860336
0.08402517437934875
0.07984964549541473
0.07941148430109024
0.08444945514202118
0.08245627582073212
0.08146770298480988
0.08322830498218536
0.0785902738571167
0.08157165348529816
0.08210620284080505
0.08106914162635803
0.07936100661754608
0.0819377526640892
0.08141513168811798
0.08417780697345734
0.08184617012739182
0.08614417165517807
0.08194062113761902
0.0828937366604805
0.08405710011720657
0.08035289496183395
0.08312623202800751
0.08244950324296951
0.08250732719898224
0.08313168585300446
0.08332391083240509
0.08005418628454208
0.07925327122211456
0.08000855147838593
0.08290884643793106
0.08016503602266312
0.0841933935880661
0.07720071077346802
0.08154334127902985
0.08487968146800995
0.08134511113166809
0.08077296614646912
0.08230269700288773
0.08257239311933517
0.07787542045116425
0.0837773010134697
0.08487828075885773
0.07995594292879105
0.07991848140954971
0.08098487555980682
0.08228494971990585
0.08664453774690628
0.07999884337186813
0.08440413326025009
0.08180546015501022
0.08305656164884567
0.08159638196229935
0.08234657347202301
0.08358795940876007
0.07934919744729996
0.0822732001543045
0.08192361891269684
0.08151017129421234
0.08120159804821014
0.08196721971035004
0.07902277261018753
0.08600104600191116
0.0817670077085495
0.08514261990785599
0.083147794008255
0.08580565452575684
0.08231176435947418
0.08144153654575348
0.0846334844827652
0.08492565155029297
0.08284476399421692
0.08243300765752792
0.0816352590918541
0.08041132986545563
0.08338874578475952
0.07957379519939423
0.08205601572990417
0.08167754113674164
0.0804256796836853
0.07896977663040161
0.08138278871774673
0.0799817144870758
0.08116991817951202
0.08459223806858063
0.08362676948308945
0.08488234877586365
0.08266138285398483
0.08814270049333572
0.08132389932870865
0.08048462867736816
0.08598245680332184
0.0821409672498703
0.07899996638298035
0.08340124785900116
0.08137375861406326
0.08138295263051987
0.08038324117660522
0.08666080236434937
0.08391165733337402
0.08460679650306702
0.08196702599525452
0.0789605975151062
0.08089856803417206
0.07998599857091904
0.08156158775091171
0.07907681167125702
0.0814070925116539
0.08268421143293381
0.08047457039356232
0.07994458824396133
0.07894203811883926
0.081489697098732
0.08611071854829788
0.08076123893260956
0.08232686668634415
0.08345838636159897
0.08568451553583145
0.08194619417190552
0.08136465400457382
0.08552778512239456
0.08132771402597427
0.08047162741422653
0.08181805908679962
0.07878925651311874
0.07957474887371063
0.08223232626914978
0.08552832901477814
0.08299977332353592
0.0775415301322937
0.08309590071439743
0.0857408344745636
0.08311234414577484
0.07994602620601654
0.08159487694501877
0.08335015177726746
0.07854162156581879
0.08224764466285706
0.0845291018486023
0.08244337886571884
0.08601401001214981
0.08356762677431107
0.08307318389415741
0.084867924451828
0.08683457970619202
0.08316546678543091
0.08220908045768738
0.08142421394586563
0.08163689821958542
0.08533193916082382
0.08366654068231583
0.08020582050085068
0.08376237004995346
0.08617416024208069
0.0808875784277916
0.08488791435956955
0.08030754327774048
0.08478209376335144
0.08720201253890991
0.08007296919822693
0.07961270213127136
0.08089212328195572
0.08297000080347061
0.08457168936729431
0.0782095417380333
0.08472378551959991
0.08539459854364395
0.08069799095392227
0.08403239399194717
0.08297204226255417
0.08334054797887802
0.08567079901695251
0.08332675695419312
0.08473805338144302
0.08418527245521545
0.08449728786945343
0.08520711213350296
0.08528181165456772
0.08119279146194458
0.08359208703041077
0.0832250565290451
0.08188822120428085
0.0845726877450943
0.08342873305082321
0.08380356431007385
0.08477149158716202
0.0806918516755104
0.08676446229219437
0.08016917109489441
0.08511833101511002
0.0845690444111824
0.0807759165763855
0.08007700741291046
0.08283205330371857
0.08509255200624466
0.08392875641584396
0.08272875845432281
0.08158686757087708
0.07778111100196838
0.08319947123527527
0.07903549075126648
0.0798397958278656
0.08294414728879929
0.07977168262004852
0.07943824678659439
0.08313553035259247
0.08265801519155502
0.08233387768268585
0.0799797996878624
0.08058664202690125
0.08074743300676346
0.08352722227573395
0.08128499984741211
0.08242163807153702
0.08192352205514908
0.08584561198949814
0.08344725519418716
0.08054259419441223
0.08319280296564102
0.08202394843101501
0.08195867389440536
0.08269869536161423
0.08084386587142944
0.08173101395368576
0.0840630754828453
0.08118018507957458
0.08011030405759811
0.08220542967319489
0.08329059928655624
0.08321847021579742
0.0795544683933258
0.08046004921197891
0.08312526345252991
0.08517491072416306
0.08004654943943024
0.08386112004518509
0.08407538384199142
0.08069653809070587
0.0842328816652298
0.0797785073518753
0.08071528375148773
0.08324197679758072
0.08430275321006775
0.08189000189304352
0.08545636385679245
0.08309131860733032
0.08144085854291916
0.08386693894863129
0.08387292921543121
0.082275390625
0.0845525935292244
0.08446802198886871
0.08457837253808975
0.08705615252256393
0.08431890606880188
0.08122756332159042
0.08205298334360123
0.08094947040081024
0.08636303246021271
0.08261506259441376
0.08405689150094986
0.08383989334106445
0.08449114114046097
0.08412991464138031
0.0829843208193779
0.08275140076875687
0.0829998105764389
0.08241856843233109
0.08409059792757034
0.08615933358669281
0.08018235117197037
0.08263162523508072
0.08200563490390778
0.08146370202302933
0.0808490440249443
0.08338268101215363
0.08193496614694595
0.08384770154953003
0.08473705500364304
0.08368586748838425
0.07957956194877625
0.07924570888280869
0.08219466358423233
0.08238127827644348
0.08246871083974838
0.08171343803405762
0.0814950093626976
0.07992279529571533
0.0832366943359375
0.08078053593635559
0.07882039248943329
0.08292193710803986
0.08016566932201385
0.08222191780805588
0.08129796385765076
0.08332254737615585
0.08314564824104309
0.08572765439748764
0.08251574635505676
0.08255448937416077
0.08254233002662659
0.08306930214166641
0.08523184061050415
0.08560425043106079
0.08229243010282516
0.08089923113584518
0.08288390189409256
0.0828070417046547
0.08224088698625565
0.08384975790977478
0.08098950237035751
0.08309551328420639
0.08214569091796875
0.08347998559474945
0.08464619517326355
0.08163618296384811
0.08713465929031372
0.08569090813398361
0.083139568567276
0.0868610218167305
0.08333925902843475
0.08139323443174362
0.07970838248729706
0.0816408097743988
0.08393603563308716
0.08135883510112762
0.08420760184526443
0.08123397082090378
0.08060451596975327
0.08001534640789032
0.08248227089643478
0.08279246091842651
0.08015522360801697
0.08134958893060684
0.0838829055428505
0.08111996948719025
0.08114487677812576
0.08392176032066345
0.07941240072250366
0.08146136999130249
0.08377242088317871
0.08147092163562775
0.07846067100763321
0.08122429251670837
0.08410391211509705
0.08165992051362991
0.08416539430618286
0.08091319352388382
0.08387164771556854
0.08184827864170074
0.08171095699071884
0.08259382843971252
0.07967220991849899
0.0823417454957962
0.08508064597845078
0.07934156805276871
0.07868478447198868
0.08293775469064713
0.08219259232282639
0.08708510547876358
0.08342719078063965
0.08147909492254257
0.08390964567661285
0.08209838718175888
0.08059485256671906
0.08290141075849533
0.0787789523601532
0.08108711987733841
0.07821311801671982
0.0821664109826088
0.0822569876909256
0.08065882325172424
0.08489438146352768
0.08322933316230774
0.08405467122793198
0.08235296607017517
0.08104834705591202
0.08137507736682892
0.08268117159605026
0.0842229425907135
0.07945594191551208
0.08275765180587769
0.08014954626560211
0.08006839454174042
0.08294804394245148
0.08512807637453079
0.08495952934026718
0.08322670310735703
0.08125223219394684
0.08424514532089233
0.08399014174938202
0.08270888030529022
0.08250072598457336
0.08394438773393631
0.08358509093523026
0.07828804850578308
0.0810125321149826
0.08670245856046677
0.0878816619515419
0.08264968544244766
0.08036589622497559
0.08305523544549942
0.08593122661113739
0.08318084478378296
0.08491872996091843
0.0852995291352272
0.08105891197919846
0.08703150600194931
0.08080890774726868
0.08574335277080536
0.08433971554040909
0.08246857672929764
0.08313971757888794
0.0842113047838211
0.08456549793481827
0.08291035890579224
0.08111823350191116
0.08052115142345428
0.08504868298768997
0.08048906922340393
0.08348271250724792
0.08244651556015015
0.08159544318914413
0.08221122622489929
0.0773978903889656
0.08172201365232468
0.08137726783752441
0.08058454841375351
0.08875970542430878
0.08038267493247986
0.08100823312997818
0.08163037896156311
0.0829022154211998
0.08802904933691025
0.08131292462348938
0.08474397659301758
0.0826973244547844
0.08375245332717896
0.08429074287414551
0.08254899829626083
0.08358056098222733
0.08075783401727676
0.07890501618385315
0.08235710114240646
0.08215131610631943
0.08356481790542603
0.08284555375576019
0.08101421594619751
0.08194136619567871
0.08430591225624084
0.08372116833925247
0.08058761805295944
0.08137770742177963
0.08242559432983398
0.08314704149961472
0.08136925846338272
0.08175273984670639
0.08305497467517853
0.0827527791261673
0.08628679066896439
0.08477804809808731
0.08253633230924606
0.08295022696256638
0.08211930096149445
0.08254510909318924
0.08297313749790192
0.0841740146279335
0.08296669274568558
0.08029143512248993
0.07870913296937943
0.08162368088960648
0.08451472967863083
0.08467282354831696
0.08708483725786209
0.08173327147960663
0.08171118050813675
0.08436162769794464
0.07990582287311554
0.08770889043807983
0.0845511183142662
0.08630382269620895
0.07858336716890335
0.08308730274438858
0.08469876646995544
0.08437753468751907
0.08145375549793243
0.08171865344047546
0.08084249496459961
0.08376992493867874
0.08334693312644958
0.08161579817533493
0.07780744135379791
0.08420747518539429
0.0820305347442627
0.0796629786491394
0.08377629518508911
0.08326420187950134
0.08137017488479614
0.08037032932043076
0.08265045285224915
0.08256571739912033
0.08185648173093796
0.0829608365893364
0.08242356032133102
0.08427439630031586
0.08282829076051712
0.08263825625181198
0.08422429114580154
0.08390318602323532
0.08488151431083679
0.08451996743679047
0.08411850780248642
0.08252180367708206
0.07991229742765427
0.08593034744262695
0.08354341238737106
0.07907960563898087
0.08415207266807556
0.07769599556922913
0.08349946141242981
0.07855071127414703
0.08085435628890991
0.08123144507408142
0.08368171751499176
0.07880783826112747
0.08553669601678848
0.07966496050357819
0.08251796662807465
0.0844118595123291
0.08482129126787186
0.08349230885505676
0.08364176005125046
0.08330389857292175
0.08515579253435135
0.08175108581781387
0.07859461009502411
0.08354940265417099
0.0834817960858345
0.08042288571596146
0.08617875725030899
0.08463699370622635
0.08356764167547226
0.08115055412054062
0.0843401551246643
0.07938359677791595
0.08039692789316177
0.08297134190797806
0.08010949939489365
0.08217790722846985
0.08299162238836288
0.0814862921833992
0.08073612302541733
0.08444707840681076
0.08588631451129913
0.08558467775583267
0.08437218517065048
0.084530770778656
0.08590300381183624
0.0813920721411705
0.0815238282084465
0.08243799209594727
0.08514893800020218
0.08252718299627304
0.0804426297545433
0.08410681784152985
0.08517299592494965
0.08335722237825394
0.08317270129919052
0.08521915227174759
0.08396631479263306
0.08187541365623474
0.08061885833740234
0.07853451371192932
0.08192388713359833
0.08298878371715546
0.08460334688425064
0.08472524583339691
0.08113523572683334
0.0848071277141571
0.08193951845169067
0.08041040599346161
0.08261550962924957
0.08529386669397354
0.08362079411745071
0.08394570648670197
0.08485600352287292
0.08399268984794617
0.08573082834482193
0.08234916627407074
0.08178776502609253
0.08243069052696228
0.08340565860271454
0.08230017870664597
0.08434528112411499
0.0804191380739212
0.08125118166208267
0.08437180519104004
0.08053168654441833
0.08322691172361374
0.0829598680138588
0.0854070782661438
0.0831703245639801
0.0830923393368721
0.08224060386419296
0.08153832703828812
0.08364126086235046
0.08110710233449936
0.08043622225522995
0.07947459071874619
0.08167334645986557
0.08749448508024216
0.07979273051023483
0.08161298930644989
0.08457823097705841
0.08004622161388397
0.07928570359945297
0.08354756236076355
0.08363489806652069
0.08050879836082458
0.08473066985607147
0.08494260162115097
0.08324761688709259
0.08332960307598114
0.08346816897392273
0.08745457977056503
0.08129148185253143
0.08080729842185974
0.08222248405218124
0.084732286632061
0.0814170092344284
0.08515865355730057
0.08031245321035385
0.08281920105218887
0.08264882862567902
0.07810062915086746
0.08065495640039444
0.08521788567304611
0.08314024657011032
0.08533324301242828
0.08443441241979599
0.08105144649744034
0.08133887499570847
0.08281251788139343
0.08508400619029999
0.08203475922346115
0.08513499051332474
0.08187853544950485
0.08011554926633835
0.08208219707012177
0.08354607224464417
0.08036139607429504
0.08220808207988739
0.08219315856695175
0.08281636238098145
0.07881440222263336
0.079245425760746
0.0793185606598854
0.08207457512617111
0.08245720714330673
0.08274401724338531
0.0861908346414566
0.08628521114587784
0.08143071085214615
0.0820499062538147
0.08078291267156601
0.08249614387750626
0.083925761282444
0.08250734955072403
0.08129778504371643
0.0838727056980133
0.08244562149047852
0.08340995013713837
0.08202943205833435
0.08417006582021713
0.08168451488018036
0.08240202814340591
0.08537738025188446
0.08287709951400757
0.08454230427742004
0.07951272279024124
0.08450091630220413
0.07967348396778107
0.08235084265470505
0.08165989071130753
0.08222628384828568
0.08232402056455612
0.08531421422958374
0.07721106708049774
0.08527861535549164
0.08269879966974258
0.08342926949262619
0.07949870079755783
0.08378349244594574
0.08465788513422012
0.08454465866088867
0.08243145793676376
0.08416710048913956
0.08489184081554413
0.08041297644376755
0.08491484820842743
0.08776862919330597
0.08512997627258301
0.08348829299211502
0.08111806958913803
0.088469959795475
0.0862651914358139
0.08116629719734192
0.08467288315296173
0.08175297826528549
0.0802287757396698
0.08607429265975952
0.08426332473754883
0.08302300423383713
0.0839349776506424
0.08424121886491776
0.08409565687179565
0.08326748013496399
0.0831374078989029
0.08172086626291275
0.08193350583314896
0.07824981957674026
0.07924561947584152
0.08510508388280869
0.08288183808326721
0.08530708402395248
0.07944577932357788
0.08164725452661514
0.0804542601108551
0.08239665627479553
0.0828816145658493
0.08170148730278015
0.08420875668525696
0.08152887970209122
0.08286108821630478
0.08178722113370895
0.07977880537509918
0.08385182172060013
0.08214104920625687
0.08292988687753677
0.08226095139980316
0.07983177155256271
0.0854356586933136
0.07957842200994492
0.08389407396316528
0.08140315860509872
0.07969697564840317
0.08292984217405319
0.08294384181499481
0.08615916222333908
0.08187855035066605
0.08460678160190582
0.08117314428091049
0.07691885530948639
0.08213420957326889
0.07926446199417114
0.08505776524543762
0.08163768798112869
0.08332762867212296
0.08027390390634537
0.08238319307565689
0.08225533366203308
0.08225494623184204
0.08941368758678436
0.08214934170246124
0.08216868340969086
0.08100387454032898
0.0791594386100769
0.08301740884780884
0.08020827174186707
0.08166026324033737
0.0805126279592514
0.0833970159292221
0.08459922671318054
0.08391314744949341
0.0848788321018219
0.08226494491100311
0.08302360773086548
0.08590670675039291
0.08286578953266144
0.08425560593605042
0.08318948745727539
0.08142059296369553
0.08131194859743118
0.0807415321469307
0.08252932876348495
0.07823317497968674
0.0833456888794899
0.0848996713757515
0.08322573453187943
0.08013584464788437
0.08409374952316284
0.08004668354988098
0.08422157913446426
0.08379541337490082
0.08190745115280151
0.08214694261550903
0.08229367434978485
0.08266083896160126
0.08079415559768677
0.08237607032060623
0.08439020812511444
0.08241517841815948
0.08184324949979782
0.0825730413198471
0.08373597264289856
0.08450038731098175
0.08108696341514587
0.0797891914844513
0.08066172897815704
0.08357160538434982
0.0835082158446312
0.07819370925426483
0.0830899178981781
0.0816938579082489
0.0863315761089325
0.08124998956918716
0.08284103125333786
0.08289000391960144
0.08063091337680817
0.08186504989862442
0.07727797329425812
0.08117252588272095
0.0812445804476738
0.08122427016496658
0.08619827032089233
0.08147504925727844
0.08577367663383484
0.08326616883277893
0.08297383040189743
0.08341853320598602
0.0817795917391777
0.08462216705083847
0.08195041865110397
0.08301912993192673
0.08267262578010559