0.006706519052386284
0.006215204484760761
0.0050425841473042965
0.004453639034181833
0.004012665245682001
0.00369251542724669
0.0036339100915938616
0.00348165025934577
0.003353528678417206
0.0031158316414803267
0.0031877458095550537
0.0030447805766016245
0.0029441481456160545
0.0028775192331522703
0.002872086362913251
0.0028886529617011547
0.0027761056553572416
0.0028937675524502993
0.0029543698765337467
0.0028164885006844997
0.002777963178232312
0.0027232859283685684
0.002735583810135722
0.0027994420379400253
0.002677855547517538
0.002715812996029854
0.0027218980249017477
0.0026880342047661543
0.0025293026119470596
0.002685640240088105
0.002592162461951375
0.0026087199803441763
0.002601040992885828
0.0026436196640133858
0.002623193198814988
0.002596247009932995
0.0026362475473433733
0.0026675716508179903
0.00257156346924603
0.002551361685618758
0.002484144177287817
0.0024798838421702385
0.002481962786987424
0.002497455570846796
0.0025907857343554497
0.002467728452757001
0.002496749395504594
0.0024606576189398766
0.002512602135539055
0.002497052541002631
0.0024818675592541695
0.002380385296419263
0.0024474551901221275
0.0024175248108804226
0.0024417079985141754
0.0024103799369186163
0.0023038475774228573
0.0024825625587254763
0.002443519653752446
0.0022845438215881586
0.0024432484060525894
0.0024991086684167385
0.0023917127400636673
0.002328678732737899
0.0023793622385710478
0.0024276969488710165
0.002311009680852294
0.0024495800025761127
0.002361706458032131
0.002341629471629858
0.002375201089307666
0.0023576761595904827
0.002361155115067959
0.0023087612353265285
0.002344745909795165
0.002287239534780383
0.002328018192201853
0.0023485682904720306
0.002317961538210511
0.0023023956455290318
0.0023465612903237343
0.002310056472197175
0.0023020824883133173
0.0022829961962997913
0.002293829107657075
0.0022984459064900875
0.002302105538547039
0.002279014326632023
0.002192663960158825
0.0022515507880598307
0.002320363186299801
0.002324023051187396
0.0022939476184546947
0.002209989819675684
0.002279161475598812
0.002250086748972535
0.002260734559968114
0.0022255955263972282
0.002310282550752163
0.002260521287098527
0.0023705391213297844
0.002291776705533266
0.0023201117292046547
0.0023768257815390825
0.0022571166045963764
0.0023019781801849604
0.0023566619493067265
0.002229047939181328
0.002250712364912033
0.0022684093564748764
0.0023006764240562916
0.0022179705556482077
0.0021885524038225412
0.002208937890827656
0.0020873588509857655
0.0021475281100720167
0.00224476819857955
0.0022394589614123106
0.0021892916411161423
0.002279343781992793
0.002176268957555294
0.0021540408488363028
0.002173098735511303
0.0022363781463354826
0.0022067062091082335
0.002261262619867921
0.002125842496752739
0.002211981685832143
0.002257212297990918
0.0021680102217942476
0.002253099577501416
0.00217434368096292
0.0021805015858262777
0.0022182937245815992
0.002141567412763834
0.002079814439639449
0.002215034095570445
0.002139819785952568
0.0021993594709783792
0.00221459218300879
0.002121654339134693
0.002088345820084214
0.0021395450457930565
0.002187367295846343
0.002097667660564184
0.0021792545448988676
0.002164920326322317
0.002271816832944751
0.0021991597022861242
0.0021524676121771336
0.0021746023558080196
0.002164810663089156
0.002067286754027009
0.00215734145604074
0.0021781153045594692
0.002189889783039689
0.002136689843609929
0.0022328575141727924
0.002062819665297866
0.0021581908222287893
0.0021026339381933212
0.002116346964612603
0.002104925224557519
0.0021190152037888765
0.0021235505118966103
0.0020954760257154703
0.0021611207630485296
0.0020562943536788225
0.0021627931855618954
0.0020934930071234703
0.002111481036990881
0.0021200093906372786
0.002058853628113866
0.002087613567709923
0.0021027899347245693
0.0021412563510239124
0.0020979582332074642
0.002042663050815463
0.0020849930588155985
0.002087527420371771
0.0020490968599915504
0.00213270983658731
0.0021424060687422752
0.0020534174982458353
0.002026509726420045
0.002145792357623577
0.0021903731394559145
0.002119621727615595
0.0020634629763662815
0.0022058954928070307
0.0020234629046171904
0.0020825297106057405
0.0021171278785914183
0.00211243680678308
0.002149904379621148
0.0021105087362229824
0.0020094155333936214
0.0020595763344317675
0.002117309719324112
0.0022070773411542177
0.0021179127506911755
0.002065509557723999
0.0020760607440024614
0.002076692646369338
0.0021285347174853086
0.0021145923528820276
0.0020647456403821707
0.0021276320330798626
0.0020275430288165808
0.0020434940233826637
0.0020981645211577415
0.002039414132013917
0.002032100921496749
0.0019919127225875854
0.0020770677365362644
0.002150784246623516
0.0020252573303878307
0.0020421810913830996
0.0020180894061923027
0.0020291118416935205
0.0021521456073969603
0.0020557658281177282
0.0020701237954199314
0.0021066407207399607
0.0021297461353242397
0.0021136729046702385
0.0019684722647070885
0.002049116650596261
0.002100983401760459
0.0020734956488013268
0.0020993954967707396
0.0020084150601178408
0.002092598704621196
0.0021438999101519585
0.0020419377833604813
0.002057721372693777
0.0021360062528401613
0.0020379815250635147
0.002089489484205842
0.0020609775092452765
0.0020112935453653336
0.002043076092377305
0.0020451676100492477
0.0020166789181530476
0.001987274968996644
0.0020627626217901707
0.0020316489972174168
0.002092036185786128
0.0019333150703459978
0.002065179403871298
0.002056719036772847
0.0020942154806107283
0.0020051272585988045
0.0020492158364504576
0.0020823273807764053
0.0019769473001360893
0.002184448763728142
0.0021475625690072775
0.0020834906026721
0.0020317970775067806
0.00208320003002882
0.0021334360353648663
0.0021061236038804054
0.00194020033814013
0.002075128722935915
0.0020955672953277826
0.0020850831642746925
0.0020602650474756956
0.001996684353798628
0.0020016671624034643
0.002088397042825818
0.0020248994696885347
0.0020483958069235086
0.0021561135072261095
0.002070255810394883
0.0020419671200215816
0.0020910215098410845
0.002017386956140399
0.002013350371271372
0.002025273395702243
0.001976562198251486
0.00210046605207026
0.001958500361070037
0.0019376815762370825
0.0020346525125205517
0.002025389112532139
0.002029468072578311
0.001978116575628519
0.002064694417640567
0.0020406395196914673
0.001965579343959689
0.0020121182315051556
0.0021000562701374292
0.0019836975261569023
0.0019781747832894325
0.0020091647747904062
0.002055055694654584
0.0020226556807756424
0.002096340525895357
0.002021051710471511
0.0019597774371504784
0.002046995097771287
0.002207535319030285
0.002169816754758358
0.002046692417934537
0.0020458968356251717
0.0020459492225199938
0.002118617994710803
0.0021077669225633144
0.0020153571385890245
0.0020758609753102064
0.002056422643363476
0.0020478342194110155
0.002207591664046049
0.0020725338254123926
0.002267738338559866
0.0020866228733211756
0.0020224908366799355
0.002218328882008791
0.0022023150231689215
0.0020673268008977175
0.0021208382677286863
0.0021578569430857897
0.00204873806796968
0.0023067547008395195
0.002210920210927725
0.002152208238840103
0.002203209325671196
0.002165689831599593
0.002147053135558963
0.0021876743994653225
0.0021579409949481487
0.0021558322478085756
0.0021749420557171106
0.002305221278220415
0.002129421103745699
0.0023021891247481108
0.0022071832790970802
0.002104230923578143
0.0020477354992181063
0.0021470149513334036
0.0021014604717493057
0.0022433095145970583
0.002191026695072651
0.0022766939364373684
0.0022061748895794153
0.0022070545237511396
0.002229944569990039
0.002148843603208661
0.0021923603489995003
0.002239387249574065
0.002221977338194847
0.002267858712002635
0.0021786026190966368
0.0021329664159566164
0.0021725997794419527
0.0021873561199754477
0.0021971743553876877
0.002242662711068988
0.002140013501048088
0.002185366814956069
0.0021477476693689823
0.002084128325805068
0.0021476305555552244
0.002234741812571883
0.00215898547321558
0.0022235738579183817
0.0021427003666758537
0.002147204941138625
0.002066198270767927
0.0022017364390194416
0.0021615668665617704
0.0020564349833875895
0.0021113997790962458
0.002180050127208233
0.0021854976657778025
0.00233713467605412
0.00217239698395133
0.002193254418671131
0.0021046986803412437
0.0021340579260140657
0.0021273347083479166
0.0021140652243047953
0.002152153057977557
0.00208935490809381
0.0021740286611020565
0.0020681119058281183
0.0021020283456891775
0.002084402134642005
0.002117645926773548
0.002076051663607359
0.0020087806042283773
0.0020672816317528486
0.0020810007117688656
0.0020268342923372984
0.002028046641498804
0.0020561746787279844
0.002180112060159445
0.002095562405884266
0.0020529613830149174
0.002078766468912363
0.002118192845955491
0.002098850440233946
0.002092141890898347
0.0021195963490754366
0.0020908943843096495
0.0020687319338321686
0.0020412409212440252
0.0020073456689715385
0.0021330034360289574
0.0021681999787688255
0.0019867701921612024
0.0021336348727345467
0.0020410502329468727
0.0019678790122270584
0.0020200139842927456
0.0020901456009596586
0.0019814535044133663
0.0020786323584616184
0.0020999889820814133
0.0020937100052833557
0.002143745543435216
0.0019927474204450846
0.002010360127314925
0.0020705184433609247
0.002030530944466591
0.002023942768573761
0.0020241448655724525
0.0020653672982007265
0.002021234715357423
0.0020108800381422043
0.0019247065065428615
0.0020949349272996187
0.0020170684438198805
0.0020212545059621334
0.001959397690370679
0.0020556182134896517
0.0020347442477941513
0.0019335267134010792
0.00200511422008276
0.0020206242334097624
0.0019717297982424498
0.0020203422755002975
0.0018667259719222784
0.001978366868570447
0.002107378328219056
0.0019779459107667208
0.0019452464766800404
0.0019354784162715077
0.002032782416790724
0.0019282050197944045
0.001957244472578168
0.0019624060951173306
0.0019448958337306976
0.002055112039670348
0.002045920118689537
0.0018880937714129686
0.001944071496836841
0.002035982208326459
0.00197875895537436
0.0019702939316630363
0.0020086956210434437
0.0019746108446270227
0.0018995041027665138
0.001877212431281805
0.00186439068056643
0.001953895902261138
0.0019950135610997677
0.0019257495878264308
0.0019347937777638435
0.0019027345115318894
0.002007049508392811
0.0018771598115563393
0.00196590693667531
0.0020238696597516537
0.001906183548271656
0.0019735463429242373
0.0020061861723661423
0.0019713849760591984
0.0019862325862050056
0.0019215658539906144
0.0019812118262052536
0.0019211119506508112
0.0019225451396778226
0.001961509929969907
0.001955298474058509
0.002012551762163639
0.001919114263728261
0.001980917062610388
0.0018857497489079833
0.0019244044087827206
0.001877903356216848
0.0018948990618810058
0.001924017327837646
0.0019924906082451344
0.0019411604152992368
0.001901795738376677
0.0019843606278300285
0.001903752563521266
0.001982155255973339
0.002004473004490137
0.001962339738383889
0.001982636982575059
0.001913510961458087
0.001899820170365274
0.00197765720076859
0.0019530141726136208
0.001855155685916543
0.001937371795065701
0.0019168774597346783
0.001989848678931594
0.0019169527804479003
0.0018960244487971067
0.0019062625942751765
0.0019589527510106564
0.0019361840095371008
0.001967622898519039
0.001940558897331357
0.001947906450368464
0.0019136242335662246
0.0019008544040843844
0.00191640539560467
0.0019866442307829857
0.0019298277329653502
0.001917563728056848
0.001922702300362289
0.0019774893298745155
0.002018128987401724
0.0019218979869037867
0.001877793692983687
0.0019386762287467718
0.0018724276451393962
0.0019392638932913542
0.0019158804789185524
0.0018931016093119979
0.001962511334568262
0.0019153390312567353
0.001923185191117227
0.001963340677320957
0.0019049867987632751
0.0019030709518119693
0.001870758249424398
0.001978017156943679
0.0018673395970836282
0.0019632966723293066
0.0019457374000921845
0.0019014606950804591
0.001974141923710704
0.0019285653252154589
0.0019968198612332344
0.0019078061450272799
0.0019459776813164353
0.001966790994629264
0.0018938790308311582
0.0019112784648314118
0.0019016729202121496
0.001946715754456818
0.001958083128556609
0.001903916010633111
0.001909160055220127
0.0019516667816787958
0.001986492658033967
0.0019084261730313301
0.0019061026396229863
0.0018512235255911946
0.002034840639680624
0.001903462572954595
0.0017969245091080666
0.0019721686840057373
0.0019318510312587023
0.0019275702070444822
0.0019184706034138799
0.0019639600068330765
0.0019021709449589252
0.0019473145948722959
0.0019305829191580415
0.0019698292016983032
0.0019038448808714747
0.00188137823715806
0.0018902498995885253
0.0018946431810036302
0.001936691114678979
0.0020012182649224997
0.0019314755918458104
0.0019804458133876324
0.0019994000904262066
0.001984637463465333
0.001918213558383286
0.001902091782540083
0.0018566867802292109
0.0018777592340484262
0.0019175701308995485
0.0018535810522735119
0.001889704610221088
0.0018741944804787636
0.0019648373126983643
0.0018997458973899484
0.00203051813878119
0.001960243098437786
0.0018744959961622953
0.0019181803800165653
0.0019033715361729264
0.0018756086938083172
0.0018885604804381728
0.0019645793363451958
0.0019447717349976301
0.0019360285950824618
0.0019316482357680798
0.001966152573004365
0.0018082339083775878
0.00197879527695477
0.0019668065942823887
0.0019579350482672453
0.0019107444677501917
0.001962218666449189
0.0018844902515411377
0.0019168438157066703
0.001988576725125313
0.0019303656881675124
0.0019347474444657564
0.0018155639991164207
0.0019044249784201384
0.0018157265149056911
0.001871126121841371
0.0019876763690263033
0.0018668732373043895
0.0018961731111630797
0.0019665502477437258
0.0018683341331779957
0.0019470052793622017
0.0019025929505005479
0.0018423444125801325
0.0018225214444100857
0.0018897829577326775
0.001938151428475976
0.0018647611141204834
0.0019767475314438343
0.0019152158638462424
0.0018940718146041036
0.0019303702283650637
0.001829476677812636
0.0018635339802131057
0.0018692325102165341
0.00191298290155828
0.001963878981769085
0.0019003356574103236
0.0018757032230496407
0.0018839600961655378
0.0018360689282417297
0.0018396897939965129
0.0019222416449338198
0.002044238382950425
0.001882005948573351
0.001925540273077786
0.0018972620600834489
0.0019007585942745209
0.0018743211403489113
0.001972193829715252
0.0019127237610518932
0.0018724077381193638
0.0018594774883240461
0.0018886709585785866
0.0019153137691318989
0.0019262518035247922
0.0019025979563593864
0.001872289809398353
0.0018910212675109506
0.001907448866404593
0.001853635418228805
0.0019439742900431156
0.0019525520037859678
0.001973293488845229
0.0019114639144390821
0.0018580697942525148
0.0019108287524431944
0.0018851314671337605
0.0018547490471974015
0.0019363344181329012
0.001931934617459774
0.0018461659783497453
0.0019798653665930033
0.0018755149794742465
0.001835501054301858
0.0018752850592136383
0.001867863698862493
0.0019333410309627652
0.0018965696217492223
0.001878560520708561
0.0019399189623072743
0.0019033642020076513
0.0018744105473160744
0.0019186425488442183
0.0018476706463843584
0.0019280995475128293
0.0018916679546236992
0.0018770749447867274
0.001909830840304494
0.0019565282855182886
0.0019067120738327503
0.0018874153029173613
0.0019245583098381758
0.0019418904557824135
0.0018719130894169211
0.0018991130637004972
0.0018813983770087361
0.001845592982135713
0.0018948832293972373
0.001835124334320426
0.0019177122740074992
0.0019054508302360773
0.0019238691311329603
0.0018854157533496618
0.0018616075394675136
0.0018606485100463033
0.001949845813214779
0.001852400484494865
0.0019164022523909807
0.0018998478772118688
0.0018452166114002466
0.001875796471722424
0.0018781231483444571
0.0018843978177756071
0.0019211139297112823
0.001912582665681839
0.0018992387922480702
0.001889800769276917
0.0018439420964568853
0.0019369757501408458
0.0019425423815846443
0.001921558054164052
0.0018765387358143926
0.0019367377972230315
0.001849208027124405
0.0018730036681517959
0.0018854002701118588
0.0019498153124004602
0.001864976598881185
0.0018605845980346203
0.0019525634124875069
0.0018672614824026823
0.0018402829300612211
0.0018671564757823944
0.0018824109574779868
0.0019365991465747356
0.00197184388525784
0.0018482792656868696
0.0018770177848637104
0.001899505383335054
0.0018879453418776393
0.0018548029474914074
0.0019103821832686663
0.0019360817968845367
0.0019060149788856506
0.0018906769109889865
0.0018820490222424269
0.001850589644163847
0.0019186204299330711
0.0019251522608101368
0.00189683074131608
0.0019005987560376525
0.001897660200484097
0.00190244079567492
0.0018100835150107741
0.0019161112140864134
0.0018915272084996104
0.0018576111178845167
0.0018882788717746735
0.0018408304313197732
0.0018466610927134752
0.0019309618510305882
0.0018611917039379478
0.0018923316383734345
0.001918933936394751
0.0018073958344757557
0.0018467986956238747
0.0019354192772880197
0.0018105097115039825
0.0018693726742640138
0.0019220145186409354
0.0018939871806651354
0.0019258237443864346
0.001965204020962119
0.0018371071200817823
0.0019164858385920525
0.0018303507240489125
0.0019336617551743984
0.001804544124752283
0.0018899679416790605
0.0018278287025168538
0.0018796653021126986
0.0018194670556113124
0.0019216083455830812
0.0019639513920992613
0.0018672933802008629
0.0019251618068665266
0.0018668228294700384
0.0018019744893535972
0.0017903485568240285
0.0019009577808901668
0.0018486096523702145
0.0017896115314215422
0.0018725252011790872
0.0018686072435230017
0.0018858136609196663
0.0018952181562781334
0.00188285275362432
0.001794304815120995
0.0019055185839533806
0.0018344209529459476
0.0018895413959398866
0.0019344538450241089
0.0019302037544548512
0.0018942357273772359
0.001864314777776599
0.0018124805064871907
0.001812236849218607
0.0018941673915833235
0.0018867122707888484
0.001812901464290917
0.0018678010674193501
0.0018467569025233388
0.001846503815613687
0.0019000598695129156
0.0018448482733219862
0.0018625700613483787
0.00196917075663805
0.0018446716712787747
0.0019242482958361506
0.0018642351496964693
0.001867088838480413
0.001819381257519126
0.001899736700579524
0.0018863939912989736
0.001846336293965578
0.0018756213830783963
0.0019260826520621777
0.0018916516564786434
0.0018131204415112734
0.0018470468930900097
0.0018858668627217412
0.0019010503310710192
0.001846359926275909
0.0018187027890235186
0.0019899390172213316
0.0019330180948600173
0.0019095172174274921
0.0019088066183030605
0.001885838690213859
0.0019235877553001046
0.0018280383665114641
0.0018095406703650951
0.001853844034485519
0.0018153610872104764
0.0018900185823440552
0.0017828005366027355
0.001908213016577065
0.0018384346039965749
0.0019567792769521475
0.001835804432630539
0.0018620234914124012
0.001879876246675849
0.0019231777405366302
0.001824239152483642
0.0018674497259780765
0.0018475443357601762
0.001875109039247036
0.0018465871689841151
0.0018367459997534752
0.0018901817966252565
0.0018557657022029161
0.0018524761544540524
0.0018351934850215912
0.0018367567099630833
0.0018137869192287326
0.0018989704549312592
0.001875573885627091
0.0018816126976162195
0.0018925603944808245
0.0018505710177123547
0.0018494942924007773
0.00186611944809556
0.0018840957200154662
0.0018254010938107967
0.0019018757157027721
0.001873945351690054
0.0018828012980520725
0.00192789058201015
0.0018232139991596341
0.0018623392097651958
0.0019390525994822383
0.0019574936013668776
0.0018581826006993651
0.0018831380875781178
0.0018361438997089863
0.0018775961361825466
0.001818606979213655
0.0018598096212372184
0.0018176330486312509
0.0018309595761820674
0.001840554759837687
0.0018559047020971775
0.0018475960241630673
0.0020098809618502855
0.0018476308323442936
0.0018483841558918357
0.001787442248314619
0.001824879669584334
0.0018655292224138975
0.0018016478279605508
0.0018992545083165169
0.001819541328586638
0.0018296069465577602
0.0018370352918282151
0.001953819300979376
0.0018642599461600184
0.0018015013774856925
0.0018513310933485627
0.0018523281905800104
0.0018957954598590732
0.0018910589860752225
0.0018637679750099778
0.0018616426968947053
0.0018928776262328029
0.0018737732898443937
0.0018685586983337998
0.0019419282907620072
0.0019439627649262547
0.0018611416453495622
0.0019292000215500593
0.0018065274925902486
0.0018642263021320105
0.0017950983019545674
0.0018319019582122564
0.0018802599515765905
0.0018778651719912887
0.0017513304483145475
0.0018046089680865407
0.0018635622691363096
0.0019134756876155734
0.0017977465176954865
0.0019021544139832258
0.0018303761025890708
0.0019256295636296272
0.0019400103483349085
0.0019016170408576727
0.0017729172250255942
0.0018545667408034205
0.001871404703706503
0.0018981778994202614
0.0018106139032170177
0.0017861573724076152
0.0018775323405861855
0.0019096459727734327
0.0018854537047445774
0.0018757940270006657
0.0018446765607222915
0.0018258716445416212
0.0018939566798508167
0.0018065355252474546
0.0018568277591839433
0.001864712219685316
0.0018733929609879851
0.0017870005685836077
0.001839319011196494
0.0018533947877585888
0.0019218757515773177
0.0018447042675688863
0.0018799005774781108
0.0019188136793673038
0.001772422343492508
0.0018672797596082091
0.0018853304209187627
0.0018759295344352722
0.0018392251804471016
0.001893254928290844
0.0018015134846791625
0.0019231921760365367
0.001851396868005395
0.001806616666726768
0.00186437857337296
0.0019099886994808912
0.001872885855846107
0.001826426130719483
0.0018408834002912045
0.0018465310567989945
0.00183115154504776
0.0019574209582060575
0.001875047804787755
0.001789906295016408
0.0018794056959450245
0.001878058654256165
0.0019111927831545472
0.0018530183006078005
0.00179851904977113
0.0017477401997894049
0.0019008242525160313
0.0018453830853104591
0.0018268683925271034
0.0018754154443740845
0.0018264282261952758
0.0018830953631550074
0.0018811029149219394
0.0018732548924162984
0.0018260356737300754
0.0018714559264481068
0.0018834860529750586
0.0018710759468376637
0.0019959192723035812
0.0018399672117084265
0.0018564676865935326
0.0017768394900485873
0.001809182926081121
0.001877768780104816
0.0018354477360844612
0.0018509210785850883
0.001824056264013052
0.0018519542645663023
0.0018618600443005562
0.0019134326139464974
0.0018467141781002283
0.001993403537198901
0.001851264969445765
0.0018742808606475592
0.0018121859757229686
0.0018654224695637822
0.0018057528650388122
0.0018733182223513722
0.001936586108058691
0.0018655700841918588
0.001801145263016224
0.0018278412753716111
0.0018976390128955245
0.0018619941547513008
0.0018655058229342103
0.001965837087482214
0.0017931291367858648
0.0018996292492374778
0.001839091069996357
0.0018380966503173113
0.0017576899845153093
0.0018678848864510655
0.001841066055931151
0.0018076065462082624
0.0018173971911892295
0.001804657164029777
0.0018335373606532812
0.0017751508858054876
0.001879592426121235
0.0017953929491341114
0.0019110706634819508
0.001825482351705432
0.001850579516030848
0.0019134710310027003
0.0018134299898520112
0.0018638581968843937
0.0018287389539182186
0.0018973418045789003
0.0018697390332818031
0.0017610794166103005
0.0018786131404340267
0.0018664575181901455
0.0018521760357543826
0.0018622104544192553
0.0018640097696334124
0.0018497661221772432
0.0017928390298038721
0.0019031952833756804
0.0019175175111740828
0.0018335160566493869
0.001891610212624073
0.0018357858061790466
0.0017906544962897897
0.0018689786083996296
0.0018045180477201939
0.0018269721185788512
0.0018406132003292441
0.0017946866573765874
0.0018249484710395336
0.0018800152465701103
0.0019207498989999294
0.0018357248045504093
0.001776983612217009
0.0018846846651285887
0.0017923001432791352
0.0018595732981339097
0.0018557201838120818
0.0018909421050921082
0.0018078009597957134
0.0018104591872543097
0.0018241377547383308
0.0018401528941467404
0.0018208458786830306
0.0018575232243165374
0.0019554593600332737
0.0019036398734897375
0.001793361734598875
0.0018236524192616343
0.0018594099674373865
0.001865758909843862
0.0018519251607358456
0.0018329130252823234
0.0018183535430580378
0.0018340726383030415
0.001802578684873879
0.0018611438572406769
0.0018800240941345692
0.0018652454018592834
0.0018359075766056776
0.001897096517495811
0.0018433652585372329
0.001908805686980486
0.0017832274315878749
0.0019222528208047152
0.0018271754961460829
0.0018605253426358104
0.0018199931364506483
0.0018829182954505086
0.0018638964975252748
0.0018801480764523149
0.0018187451642006636
0.0019270747434347868
0.0018761951941996813
0.0018919648136943579
0.0018628627294674516
0.0018227564869448543
0.001813249895349145
0.0018571428954601288
0.0018262225203216076
0.0019206973956897855
0.0018350522732362151
0.0017945235595107079
0.0019021243788301945
0.0018085821066051722
0.0017964888829737902
0.0019050101982429624
0.001887444406747818
0.0018200200283899903
0.0017751960549503565
0.0018835944356396794
0.0018303875112906098
0.001868474530056119
0.0018511025700718164
0.0017918316880241036
0.0018902441952377558
0.0018586174119263887
0.0018247588304802775
0.0017702371114864945
0.0018346263095736504
0.0019042122876271605
0.0018289476865902543
0.0017856389749795198
0.0018447812180966139
0.0018774777418002486
0.0019315991085022688
0.0018963176989927888
0.0018859804840758443
0.0017999063711613417
0.0017651115776970983
0.0018537244759500027
0.0018758352380245924
0.0019431747496128082
0.0019086955580860376
0.0018388113239780068
0.0018100112210959196
0.001841332414187491
0.0017780029447749257
0.001904920907691121
0.0018208589171990752
0.0018048936035484076
0.0018735009944066405
0.0018403041176497936
0.0018348019802942872
0.0018429617630317807
0.0017899246886372566
0.0018039557617157698
0.0018370086327195168
0.0018359660170972347
0.001818387070670724
0.0018708802526816726
0.001873166998848319
0.0018546306528151035
0.0018661306239664555
0.001887291669845581
0.001853259513154626
0.0018068754579871893
0.0018515592673793435
0.0018311216263100505
0.0018812543712556362
0.00185220199637115
0.0018415068043395877
0.0018599911127239466
0.0018421804998070002
0.0017801772337406874
0.0018089818768203259
0.0018058952409774065
0.0018663279479369521
0.0017957226373255253
0.0018556667491793633
0.001784272026270628
0.001832001842558384
0.0018796261865645647
0.0017963669961318374
0.0017941024852916598
0.001878110459074378
0.0018865983001887798
0.0018087796634063125
0.0018616447923704982
0.0019103853264823556
0.0018000208074226975
0.001788842841051519
0.0018346878932788968
0.0018540452001616359
0.00190170097630471
0.0018428420880809426
0.0019144441466778517
0.0018137587467208505
0.0018270796863362193
0.0017933724448084831
0.0018495549447834492
0.0018796900985762477
0.0018227308755740523
0.0018236092291772366
0.0018537145806476474
0.0018477111589163542
0.0018281838856637478
0.0017860051011666656
0.0017852568998932838
0.00195057422388345
0.001877793576568365
0.001849314314313233
0.0018722801469266415
0.0018907950725406408
0.0018124852795153856
0.0018291081069037318
0.0018652747385203838
0.0018479910213500261
0.0018567128572613
0.0018183770589530468
0.0018318272195756435
0.0017964792205020785
0.001907339203171432
0.0017791757127270103
0.0018696357728913426
0.0018140408210456371
0.0018149110255762935
0.00177389953751117
0.0018349060555920005
0.0017782547511160374
0.0017913448391482234
0.0018481187289580703
0.0018714730395004153
0.001893876469694078
0.0018024350283667445
0.0019495004089549184
0.0018594157882034779
0.001781719271093607
0.0019312393851578236
0.0017576703103259206
0.0018096320563927293
0.0018746216082945466
0.0018388575408607721
0.0017401186050847173
0.0017588124610483646
0.0019160907249897718
0.001888526719994843
0.0018414765363559127
0.0018252584850415587
0.001814914750866592
0.0017966921441257
0.0018504854524508119
0.0019255505176261067
0.0018180565675720572
0.001811391906812787
0.0018153233686462045
0.0018026364268735051
0.001795912510715425
0.0017622496234253049
0.0018444423330947757
0.0019058238249272108
0.001888604718260467
0.0018305644625797868
0.0017819574568420649
0.0019374028779566288
0.0018301261588931084
0.0018404952716082335
0.001936325104907155
0.0017571145435795188
0.001820597448386252
0.0017752863932400942
0.0017659561708569527
0.0018385854782536626
0.0018200714839622378
0.0018799303798004985
0.001840022043325007
0.001768265850841999
0.0017910095630213618
0.0018664035014808178
0.0018503782339394093
0.0017740423791110516
0.0017826161347329617
0.0018057562410831451
0.0017639738507568836
0.0018432330107316375
0.001844841637648642
0.0018048157216981053
0.0019116218900308013
0.0018599970499053597
0.0018065603217110038
0.0019061602652072906
0.0019021548796445131
0.0017705773934721947
0.0018121752655133605
0.0018201876664534211
0.0018062033923342824
0.0018239583587273955
0.001864515827037394
0.001769918017089367
0.0018360359827056527
0.0018518082797527313
0.001798225101083517
0.0019149834988638759
0.0017793993465602398
0.0018325790297240019
0.00193314952775836
0.0017494313651695848
0.0017727235099300742
0.0017771405400708318
0.0018299997318536043
0.0018663492519408464
0.0017574247904121876
0.0018279902869835496
0.0018577070441097021
0.0017714058049023151
0.0018418935360386968
0.0018539089942350984
0.0018387754680588841
0.00188429222907871
0.001845996710471809
0.0017938658129423857
0.0018373733619228005
0.0018527322681620717
0.0019019882893189788
0.0019201278919354081
0.0017866145353764296
0.001844654674641788
0.0018054184038192034
0.0018767901929095387
0.0018505591433495283
0.0018130982061848044
0.0018501440063118935
0.00188055622857064
0.0017928564921021461
0.0018946194322779775
0.00181590486317873
0.0018866114551201463
0.0018654826562851667
0.0018338209483772516
0.0018469530623406172
0.0018193800933659077
0.0018484060419723392
0.0018757260404527187
0.0018132346449419856
0.0018068073550239205
0.0017619833815842867
0.001830595312640071
0.0017372738802805543
0.001777890371158719
0.00180283363442868
0.0017804286908358335
0.0017766329692676663
0.0018431693315505981
0.0018491536611691117
0.0018069802317768335
0.0018380704568699002
0.0018044516909867525
0.0017584800953045487
0.0018792590126395226
0.00181139528285712
0.0017939929384738207
0.0017977842362597585
0.001903638243675232
0.001851683366112411
0.0017850807635113597
0.0018642789218574762
0.001827996107749641
0.0018030552892014384
0.0018212349386885762
0.001762728439643979
0.0017931344918906689
0.0018543475307524204
0.0018466812325641513
0.001832535956054926
0.0018433405784890056
0.0018505955813452601
0.0018707738490775228
0.0017868838040158153
0.0017982267308980227
0.001850684406235814
0.0018992195837199688
0.0017704037018120289
0.0018501051235944033
0.0018266545375809073
0.0017831278964877129
0.0018824092112481594
0.0018305901903659105
0.0017539514228701591
0.0018284633988514543
0.0018576933071017265
0.001823422615416348
0.0018704752437770367
0.001813734881579876
0.0018200748600065708
0.0018643679795786738
0.001871352782472968
0.00185237021651119
0.001858417526818812
0.001843057107180357
0.0019018155289813876
0.001930479658767581
0.0018470658687874675
0.0018070292426273227
0.001835593837313354
0.0017762967618182302
0.0019550740253180265
0.0018071994418278337
0.0018522593891248107
0.001864758087322116
0.001870574546046555
0.0018849088810384274
0.0018496462143957615
0.0018444721354171634
0.001838639029301703
0.0018268537241965532
0.001815658644773066
0.001917935791425407
0.0017797764157876372
0.0018722042441368103
0.001870779087767005
0.0019013861892744899
0.0018146517686545849
0.0018499456346035004
0.001787750399671495
0.0018736940110102296
0.0018515955889597535
0.0018239637138321996
0.0017920960672199726
0.00175744597800076
0.001826892839744687
0.0018034054664894938
0.0018027088372036815
0.0018201968632638454
0.001807298045605421
0.0017764678923413157
0.0018293006578460336
0.0018316663336008787
0.0017619982827454805
0.0018779708771035075
0.0017221649177372456
0.0017987319733947515
0.001797952689230442
0.0017899209633469582
0.001862387522123754
0.0018167776288464665
0.0018257669871672988
0.001835039583966136
0.0018374175997450948
0.0018335250206291676
0.0019519045017659664
0.0018736016936600208
0.0018094824627041817
0.0018179576145485044
0.001820980105549097
0.0017930465983226895
0.0017635996919125319
0.0017959377728402615
0.0018345351563766599
0.001859906129539013
0.0018052230589091778
0.0018491701921448112
0.0018407510360702872
0.0018003791337832808
0.0018537576543167233
0.001823160913772881
0.0018267903942614794
0.0018938092980533838
0.0018742878455668688
0.0018192193238064647
0.0017773994477465749
0.00180262909270823
0.0018323184922337532
0.0017680460587143898
0.0018467276822775602
0.0017859520157799125
0.0018001359421759844
0.0017791794380173087
0.0018035332905128598
0.0017718093004077673
0.0017787027172744274
0.001851091394200921
0.0018457617843523622
0.001768279355019331
0.0017987203318625689
0.0018813596107065678
0.001755835022777319
0.0018371358746662736
0.001862258417531848
0.0017935358919203281
0.0017430961597710848
0.0017875551711767912
0.0018614119617268443
0.0018279255600646138
0.0018069300567731261
0.0017818505875766277
0.0019116619369015098
0.0018082212191075087
0.0018083435716107488
0.0018402929417788982
0.0017388606211170554
0.0018349656602367759
0.001917791785672307
0.0017852671444416046
0.0017965062288567424
0.0018714809557422996
0.0018084223847836256
0.0018892958760261536
0.0018747278954833746
0.0017977041425183415
0.0018226662650704384
0.0017861129017546773
0.001780151855200529
0.0018195745069533587
0.0016957931220531464
0.0018226286629214883
0.001805598265491426
0.001802263897843659
0.001794118550606072
0.0018109999364241958
0.0018985666101798415
0.0017801090143620968
0.0018293448956683278
0.0017912712646648288
0.001848914660513401
0.0017900606617331505
0.0018262009834870696
0.001858940813690424
0.0017803497612476349
0.0018700988730415702
0.0018126331269741058
0.0018099864246323705
0.001844058744609356
0.001860082265920937
0.0018880543066188693
0.0018338023219257593
0.0018020939314737916
0.0018905863398686051
0.0018167379312217236
0.001847765757702291
0.0018130786484107375
0.0018127975054085255
0.0018292592139914632
0.0017295697471126914
0.0018465822795405984
0.0018720518564805388
0.0019010943360626698
0.0018053487874567509
0.0017974157817661762
0.0018471651710569859
0.0019331224029883742
0.0017933219205588102
0.0018526575295254588
0.0018637350294739008
0.0017378085758537054
0.0018845516024157405
0.0017969905165955424
0.0018663607770577073
0.0018080660374835134
0.00181817845441401
0.0018371902406215668
0.0018228315748274326
0.0018127263756468892
0.0018350499449297786
0.0017442969838157296
0.0018159991595894098
0.0018427195027470589
0.0017446773126721382
0.0018010898493230343
0.0018461474683135748
0.0017938618548214436
0.0017805523239076138
0.0017453883774578571
0.0018075457774102688
0.0018114347476512194
0.0017759918700903654
0.0019180930685251951
0.0017832316225394607
0.001758443540893495
0.001779812853783369
0.0018481798470020294
0.0018841123674064875
0.0017852995079010725
0.0018293738830834627
0.0018559959717094898
0.0018210907001048326
0.0018348852172493935
0.0018086011987179518
0.0017805038951337337
0.0017675601411610842
0.0017225046176463366
0.0017985207960009575
0.0017924986314028502
0.0018270158907398582
0.0018743929686024785
0.0017785221571102738
0.0017882718238979578
0.001822249498218298
0.0018922239542007446
0.0017514611827209592
0.001791384071111679
0.001763663487508893
0.001784015097655356
0.0018232481088489294
0.001791126444004476
0.001888738595880568
0.001813447568565607
0.001869622734375298
0.0019166901474818587
0.001776607590727508
0.0017908286536112428
0.0018293771427124739
0.0018621858907863498
0.001823335886001587
0.0018319707596674562
0.0018156489823013544
0.0017831731820479035
0.00173290038947016
0.001785348984412849
0.0018430330092087388
0.0017725517973303795
0.0018143769120797515
0.0017890798626467586
0.0017760667251423001
0.0018573589622974396
0.001743268221616745
0.001890803687274456
0.0018648600671440363
0.0019050657283514738
0.0017621092265471816
0.0018190720584243536
0.0018297205679118633
0.001797511475160718
0.0017987319733947515
0.0017774851294234395
0.0017591268988326192
0.001818887423723936
0.001861611264757812
0.0017829047283157706
0.00174762774258852
0.001780408900231123
0.0018273930763825774
0.0017664480255916715
0.0018184918444603682
0.001792163704521954
0.0017850323347374797
0.0017695751739665866
0.0018263277597725391
0.0018678426276892424
0.0017996291862800717
0.0017996804090216756
0.0018027409678325057
0.0018212267896160483
0.0018081681337207556
0.001796263619326055
0.00183478940743953
0.00182932463940233
0.0018632208229973912
0.0018572303233668208
0.00185112445615232
0.0018586980877444148
0.0017748454120010138
0.0018628869438543916
0.0018568825908005238
0.0017254655249416828
0.0018018499249592423
0.0016990707954391837
0.0018089882796630263
0.001790204900316894
0.0017660600133240223
0.0017813631566241384
0.0018291333690285683
0.0017227858770638704
0.0018455768004059792
0.001758022466674447
0.001863678451627493
0.0018143602646887302
0.001857605529949069
0.0018554964335635304
0.0018916605040431023
0.001829576794989407
0.001829285523854196
0.0018164536450058222
0.001697156927548349
0.001816385891288519
0.0018356941873207688
0.0017844147514551878
0.0018693800084292889
0.0018632090650498867
0.0017880008090287447
0.001824311213567853
0.001814616727642715
0.0017323556821793318
0.0017884710105136037
0.001819223747588694
0.001785545377060771
0.0018159468891099095
0.0017825684044510126
0.0017975731752812862
0.001781660714186728
0.0018481829902157187
0.0018575680442154408
0.001877581817097962
0.001865579281002283
0.001815816736780107
0.0018470650538802147
0.001805159728974104
0.0018423396395519376
0.0017951743211597204
0.0018193571595475078
0.0018160617910325527
0.0017324377549812198
0.001802406506612897
0.0018107399810105562
0.0018204249208793044
0.0018573723500594497
0.001831676228903234
0.001828505890443921
0.001816866104491055
0.0017575811361894011
0.0017072962364181876
0.0018044733442366123
0.0018866886384785175
0.0018381103873252869
0.001853361027315259
0.0017674886621534824
0.001881027827039361
0.0018167912494391203
0.0017304245848208666
0.0017940412508323789
0.0018908337224274874
0.0018624600488692522
0.0018496415577828884
0.0018561212345957756
0.0018829822074621916
0.0018500594887882471
0.0018514242256060243
0.001840872340835631
0.0017500856192782521
0.0018595365108922124
0.0018462144071236253
0.0018606206867843866
0.0017403129022568464
0.0018278899369761348
0.001805245759896934
0.0018024109303951263
0.001766021130606532
0.0018196082673966885
0.0018348703160881996
0.001831691712141037
0.0018404381116852164
0.0017747675301507115
0.0017938396194949746
0.0018185623921453953
0.0018020776333287358
0.0017539076507091522
0.0016997270286083221
0.001789567875675857
0.0019152144668623805
0.0017683404730632901
0.0017822872614488006
0.0018045146716758609
0.0017250418895855546
0.0017212550155818462
0.0018407725729048252
0.0018672725418582559
0.0017405375838279724
0.001841238932684064
0.001828915672376752
0.0017973370850086212
0.001830386114306748
0.0018322697142139077
0.001856880378909409
0.0017689816886559129
0.0017640682635828853
0.0018107839860022068
0.0018475607503205538
0.0018091173842549324
0.0018820420373231173
0.0017695241840556264
0.0018354058265686035
0.0017885523848235607
0.0017300876788794994
0.0017595700919628143
0.0018696337938308716
0.0018266135593876243
0.0018557138973847032
0.001795884221792221
0.0018352032639086246
0.0017939815297722816
0.0018187712412327528
0.001825211220420897
0.0018165240762755275
0.0018847249448299408
0.001799257006496191
0.0017408126732334495
0.0017903728876262903
0.0018144208006560802
0.0017605909379199147
0.001800074242055416
0.001776459626853466
0.0017881341045722365
0.0017526086885482073
0.0017575710080564022
0.0017618252895772457
0.0017795718740671873
0.0018162925262004137
0.0017961612902581692
0.0018897997215390205
0.001848589163273573
0.001828495878726244
0.0018360279500484467
0.0017617912963032722
0.0018090765224769711
0.0018237157491967082
0.0017806083196774125
0.0017682440811768174
0.001817101496271789
0.0018015083624050021
0.0017971305642277002
0.0018364546122029424
0.0018522825557738543
0.001805362873710692
0.0017437608912587166
0.0018621101044118404
0.001834254595451057
0.0018467082409188151
0.0017835161415860057
0.0018117241561412811
0.0017458971124142408
0.0018190311966463923
0.001753568765707314
0.0017770339036360383
0.0017856934573501348
0.0018522823229432106
0.001759349717758596
0.0018707248382270336
0.0017926809377968311
0.0018374291248619556
0.0017415661131963134
0.0018405807204544544
0.0018201513448730111
0.0017746606608852744
0.0017464482225477695
0.0018082493916153908
0.001851582434028387
0.0017950036562979221
0.0018557352013885975
0.0018521924503147602
0.001865412457846105
0.0018757497891783714
0.0017427477287128568
0.001871118787676096
0.0018622177885845304
0.0017945126164704561
0.001828263862989843
0.0017735682195052505
0.0017873148899525404
0.0018734915647655725
0.0018001229036599398
0.0018244050443172455
0.0017557936953380704
0.001847913023084402
0.001899629831314087
0.0018185963854193687
0.0018362094415351748
0.0017714056884869933
0.0017575053498148918
0.0017872080206871033
0.0017667762003839016
0.0018528326181694865
0.0018235576571896672
0.001857098308391869
0.0017621032893657684
0.001817765412852168
0.001784724765457213
0.00174576451536268
0.001785582397133112
0.0018181209452450275
0.0018185552908107638
0.0018275314942002296
0.0018293826142325997
0.00180070532951504
0.0017762865172699094
0.0017913994379341602
0.0017737390007823706
0.0017935229698196054
0.0017716125585138798
0.0017857803031802177
0.0017994657391682267
0.0017810265999287367
0.0018189678667113185
0.0018212501890957355
0.001757006160914898
0.001763216219842434
0.0017990762135013938
0.0019153597531840205
0.0017654452240094543
0.0018136741127818823
0.0017813354497775435
0.001678770175203681
0.001790065667591989
0.0017215983243659139
0.001765715191140771
0.0018512222450226545
0.0018285269616171718
0.0017517779488116503
0.0017996078822761774
0.0018182512139901519
0.0017808028496801853
0.0019117952324450016
0.0018576193833723664
0.001814157236367464
0.0017790991114452481
0.0017564493464305997
0.001862626406364143
0.0018080511363223195
0.0018060855800285935
0.0017670898232609034
0.0017992559587582946
0.001787651446647942
0.0018292042659595609
0.0018575559370219707
0.0017700690077617764
0.0018050340004265308
0.0017849685391411185
0.001791026326827705
0.0018034115200862288
0.00177588255610317
0.0017722644843161106
0.00176189502235502
0.001729283481836319
0.001768238958902657
0.0017485454445704818
0.0018027271144092083
0.00181575957685709
0.0018056770786643028
0.0017258684383705258
0.001813200768083334
0.0018276753835380077
0.0018068519420921803
0.0017959651304408908
0.0017925812862813473
0.0018327049911022186
0.0018079751171171665
0.0017962987767532468
0.00179913523606956
0.0018126665381714702
0.0017779640620574355
0.0018486694898456335
0.001804642379283905
0.0017768751131370664
0.0018462571315467358
0.0018693947931751609
0.001760828192345798
0.00171229662373662
0.001745330635458231
0.001871406682766974
0.0018809267785400152
0.0017297969898208976
0.0018108453368768096
0.0017334282165393233
0.001848598592914641
0.0017739147879183292
0.0018682433292269707
0.001855118665844202
0.0017661937745288014
0.001773075433447957
0.001680138986557722
0.0017985561862587929
0.001751119620166719
0.0018030493520200253
0.0018771791364997625
0.0017752191051840782
0.0018584210192784667
0.0018027450423687696
0.001803503604605794
0.0017797029577195644
0.0018040512222796679
0.0018377092201262712
0.0018046540208160877
0.0017989311600103974
0.0017685104394331574