0.0067755129747092725
0.006664190443698317
0.006413471708074212
0.005170732215046883
0.0044763964856974784
0.004252941929735243
0.004303925062995404
0.004187887629959732
0.0041520017059519885
0.0038440497941337527
0.0040095080086030065
0.0038135751662775872
0.0036990901245735584
0.003632850940048229
0.0036675747446133756
0.0036622881679795683
0.0035439412016421558
0.0036921580438502135
0.0037815872463397683
0.003577026554848999
0.0035550666390918194
0.0035245123505592345
0.003526752220932394
0.0035785263567231595
0.0034505266696214674
0.003533817557618022
0.00350072143599391
0.0034911140566691755
0.003297498450119747
0.0034891060972586274
0.0033839543396607043
0.0034074986726045607
0.0033885792759247124
0.0034396191299310886
0.0034805645374581216
0.003387027805438265
0.003467252552509308
0.003522018385119736
0.0033839095826260746
0.003343027108348906
0.0032377816084772346
0.0032823918014764785
0.0032758155011106283
0.00328340548556298
0.0034018303733319042
0.0032460062007885425
0.003322482644580305
0.0032532779197208582
0.0033110654633492233
0.0032964345265645532
0.0032975468612858093
0.0031614338082727044
0.003254238609224558
0.0032154240275849588
0.003242508093826473
0.0032066396344453095
0.003059176609822316
0.0033194632281083616
0.0032829797315935137
0.0030651956229121426
0.003247258902993053
0.0033703722700010987
0.0031752338726073505
0.0031129785525263287
0.0031832590023986996
0.0032545140618458392
0.0030793138628359886
0.003301721850875765
0.0031575445551425218
0.003140896842814982
0.00321938360153581
0.0031775522138923406
0.0031610440229997037
0.003136427648132667
0.0031611557118594647
0.0030601378867868333
0.003160156032536179
0.003164924679585965
0.0031159015581943093
0.003097630502888933
0.0031363081966992467
0.0031294099520891906
0.0031077372282743453
0.0031087173488049302
0.003134230332216248
0.003093560023698956
0.003132655203808099
0.0030975338304415345
0.0029837006190791726
0.003033967348092119
0.0031281702837441115
0.003175846847880166
0.0031159373611444607
0.0030238600404118186
0.003126954653998837
0.003069676160084782
0.003050231684028404
0.003022914172615856
0.0031166662252508103
0.0030613896705472144
0.003207921574357897
0.003162091461417731
0.0031272574572358282
0.003252566927112639
0.003086855022702366
0.0031536238500848414
0.0031842122389934956
0.003041372178122401
0.0030904022324830293
0.003083451447309926
0.003139299041358754
0.0030258796687121503
0.0029810918343719096
0.0030418190454656723
0.0028688717051409186
0.0029484013037290426
0.003072949715424329
0.0030667445435392437
0.002987336721416796
0.0031210941984318196
0.002972683013649657
0.002966430642991327
0.002995927082884009
0.0030809763446450235
0.003031662714201957
0.003113186490445514
0.0029183994687628
0.0030110431741923096
0.0031086225528270004
0.0029764241038355978
0.0030663065367843956
0.0029569295547844376
0.002999849993866519
0.0030705393163952977
0.002969031832180917
0.002862426647916436
0.003053163957083598
0.0029411808494478465
0.0030239575169980527
0.0030343256401829423
0.002938764280406758
0.0028920862008817495
0.002969047127844533
0.0029662525781895964
0.002923609972931445
0.0029924535036843737
0.002948522054357454
0.0031355814379639925
0.0030566562560852615
0.0029827041932730934
0.0030017774945008567
0.00297662008786574
0.0028474878461565824
0.0029818311508279295
0.0030520417052321137
0.003033526884391904
0.0029165114537318005
0.003032645307248458
0.0028569775231881067
0.002976972640026361
0.0029306281144090463
0.002903342196077574
0.00291074584783928
0.0029511250369250773
0.0029284065550018567
0.0029396482068113983
0.003008829038590193
0.002866964127169922
0.003007859434001148
0.002894672902766615
0.0029283579858019946
0.002943374796304852
0.0028775288187898695
0.0029069680780594354
0.0029324237804394214
0.0029690877604298294
0.002887641319539398
0.0028516609803773464
0.002909573606448248
0.0028779705706983806
0.002836201332393102
0.002988936759065837
0.0029582414333708586
0.0028404969547409565
0.002843956910073757
0.002963630051817745
0.003043546739500016
0.0029637941461987793
0.002853615385683952
0.0030547726270742713
0.002836247163359076
0.0028949457430280743
0.0029539281548932195
0.0029450997430831194
0.0029825207786052486
0.0029280046187341213
0.0027953738917130978
0.0028532039456331403
0.0029399706897675058
0.0030691983550786973
0.0029577071592211722
0.002895188732072711
0.0028697391087189315
0.0029250285999296464
0.0029581056023016573
0.0029456514853518456
0.0028845320758409797
0.0029730946524068715
0.0028163437724288086
0.0028413565456867217
0.002900390048744157
0.002860744073987007
0.002863185526584857
0.002789017941177008
0.0028886299196165055
0.0030336718854960055
0.002797866251130472
0.0028578190435655415
0.0028171638735511807
0.0028511403140146284
0.0029498554304882418
0.0028953527042176576
0.0028998423711163925
0.00292979966965504
0.00295642264871276
0.0029611016018316148
0.0027503213239833714
0.0028934474661946297
0.0029444301035255194
0.002904282787349075
0.002927526419480273
0.0028361174475867302
0.0029268533550202845
0.0029821096651721744
0.0028931190993171183
0.00286224975832738
0.0029835464851930738
0.0028318164204392815
0.0029187482135603206
0.002886646177721559
0.0028191053622867914
0.002861681088106707
0.0028740771301090716
0.0028397140419110655
0.0027921282849274576
0.002885220173266134
0.002872438196791336
0.002924640196142718
0.002730551304484834
0.0028897556208539754
0.002903776231687516
0.0029353269992861896
0.002832447485998273
0.002856333181262016
0.0029149956894980278
0.002803080262092408
0.003021340202540159
0.0030045389628503474
0.002899901402415708
0.002853272808715701
0.002934780743671581
0.0030006798636168243
0.0029355289961677045
0.0027480481213569873
0.0029082874328014443
0.002926679356023669
0.0029164349613711236
0.0028851760015822948
0.002782177651533857
0.002799939016113058
0.0029317511268891396
0.0028267199359834193
0.0028676410437037704
0.002905643435224192
0.0028378688206430525
0.0028870810498483478
0.002919669492403045
0.0028545486857183278
0.0028137419070117177
0.002858357563382015
0.0027869537541846514
0.002919593156548217
0.002737791085091885
0.0027306375349871815
0.0028794438194017858
0.002808110537007451
0.0028690228436607868
0.002763984909761348
0.0028348824044223874
0.002884264080421417
0.0027626843887264842
0.0028507096390239894
0.0029468126280698926
0.002805258388398215
0.002780066318809986
0.0028059738028241555
0.0028776574273069854
0.0027807718724943697
0.002910785949788988
0.0027872854913584886
0.002757658015470952
0.0028705425083171577
0.0028122088832969894
0.0028946087603253547
0.0028827630425803364
0.002823804351501167
0.002686872353369836
0.0029096044576726854
0.0028320443397387863
0.0027595002167799974
0.002882496814709157
0.002841826737858355
0.002849949294468388
0.0027812981070019305
0.0027480786635715048
0.002839764030650258
0.0028736829000990836
0.0027635102719068528
0.0029196073685307054
0.0028968608216382564
0.002800244299360202
0.002865883067206596
0.002914919671602547
0.002718244385032449
0.002949219234287739
0.0027835329552181065
0.002890904670639429
0.002865126702163252
0.0028521537850610913
0.002833405651617795
0.00283777687815018
0.002825868383515626
0.0027572732092812657
0.0028070491721882717
0.002958329498069361
0.002724004540359601
0.002825290448963642
0.002907688027480617
0.0028087100213815574
0.002815671267308062
0.0029146308860799764
0.0028868320758920164
0.0029160821146797388
0.0027537151880096646
0.0028110247082076966
0.002784544541500509
0.0027944427868351342
0.0028580660291481763
0.002851222166864318
0.0027763473915547367
0.0029171339829917996
0.002865047015948221
0.002889437376288697
0.0028255386417731644
0.0027399376848188696
0.0027752309865900315
0.002794625872047618
0.0027839716209564357
0.002847891851561144
0.002734685976756737
0.0028212602242274443
0.0027831458917353304
0.002638001439117943
0.0027293432044098154
0.002833056014496833
0.0027236157200240998
0.0028418764332309365
0.002761605810737819
0.0027355150773655623
0.002694609569152817
0.0027900559932459144
0.002802212603855878
0.002720790282837697
0.00271012761098973
0.002853237665258348
0.002840667989803478
0.003009374097455293
0.0028313195949885993
0.0028602791973389684
0.0027668068720959125
0.002810907502498594
0.0028095475665759293
0.0027578027567869865
0.0028079119592439384
0.002755373180480092
0.002884478151099756
0.002820048648864031
0.002790931398048997
0.0027857901342213153
0.002848053254419938
0.0028162523511127803
0.0027649669488891957
0.0027950293414323825
0.002823779748287052
0.0027156282229407226
0.0027465561393182725
0.0028296490421053024
0.002950521105667576
0.002828549089608714
0.0028248545131646097
0.002818426573285251
0.002851834932807833
0.0027908376522827894
0.0028254235873464493
0.0028336091653909535
0.002792216177476803
0.002776920592878014
0.002782198272179812
0.0027397788198140916
0.0028153735923115166
0.0029271267796866594
0.00271452788147144
0.0028601996612269433
0.0027703572215978054
0.0027167734081012893
0.0027584306726203068
0.0028471444675233215
0.0027680812834296378
0.00281481753107073
0.002857874039327726
0.002827439559623599
0.0028899890405591575
0.0027744393376633526
0.002786704289028421
0.002828266022261232
0.0027845116797834634
0.0027739424770697953
0.0028250799479428677
0.0027923153596930207
0.0027874592808075247
0.00279050176985038
0.002674842079431983
0.0028791128615193885
0.0027764993137679994
0.0028047904081176965
0.002745053758844733
0.0028538609261158855
0.0028399998997338115
0.0027274036733433604
0.0028087958926334977
0.002796794141504506
0.0027537675225175915
0.0027922027639579027
0.0026028663655597484
0.002777163750724867
0.002903134413063526
0.0027670741768088193
0.0027127810950332786
0.0027208570620496173
0.002828402799787
0.0027210362080586493
0.0027302498049539283
0.002748952384572476
0.002733362750259403
0.002870134845143184
0.0028670622955542058
0.0026556905405595898
0.0027553351654205473
0.002835708098282339
0.0027880013186950235
0.0027639902930241076
0.0028512843465432524
0.002770427041396033
0.00267129797488451
0.0026332235988229514
0.002641538454918191
0.0027520051132887604
0.0028160240710712967
0.002695279757026583
0.002673173261573538
0.0026844398365938106
0.0028098809521179646
0.0026730682298511965
0.0027851282886695115
0.002870572155807167
0.00266065803472884
0.00276850657635805
0.002837151421699673
0.0028039854093731263
0.0027712109335698188
0.0027168834774784047
0.0027685658249538394
0.002721544616142637
0.002713487088913098
0.0027683056169189512
0.0027385653858073055
0.0028288739167692256
0.00273312185308896
0.0027756758665054802
0.0026782304455991836
0.0027053803601302206
0.002652987252222374
0.00268524898798205
0.00272849073051475
0.0028323577949777245
0.0027185165544506163
0.0026958358590491115
0.0027941822330467404
0.0026986432005651293
0.002782097969975439
0.002818227756069973
0.002799869179725647
0.002818107730709016
0.0026979008177295326
0.002688400565239135
0.0028078444360289724
0.002719496040372178
0.002613431689023855
0.002762867812780314
0.002688570210484613
0.0028136168350465594
0.0026977341040037572
0.0026973925926722588
0.0026930458835704484
0.0027866697998251764
0.0027409304631873964
0.0027919274906162174
0.002716745054422063
0.0027411702943209095
0.0026863669897284124
0.002686193690169603
0.002715742236468941
0.0027966885002388155
0.0027184394805226473
0.0027000505782052643
0.002721722658825456
0.0027823615027591586
0.002848837929777801
0.002745640688808635
0.0026947651826776564
0.002742203951347619
0.0026548946369439365
0.002714653263101354
0.002720859268447384
0.0026899985535419548
0.0027749117882922294
0.0027080045395632625
0.0027391804783110274
0.0027749389165546744
0.002687198324056226
0.0026845645904541014
0.002647598123148782
0.0027922951609798473
0.002644540837573004
0.0027777742547914386
0.002757684753742069
0.002703662995554623
0.0027557272382546217
0.0027395092626102267
0.0028261075960472224
0.002693847214104608
0.0027623255760408937
0.0027820310113020243
0.0026574809628073124
0.002725892795715481
0.002683896565577015
0.0027729859051760287
0.002787326351972297
0.0027562049765765552
0.002690094809513539
0.0028008524037431925
0.0028257743979338557
0.0027028609905391933
0.0026961517834570257
0.002644306737929583
0.002861049445345998
0.002687977926543681
0.002587330600945279
0.0027656800125259906
0.002745241317898035
0.0027238441223744305
0.002720828974270262
0.002801732834195718
0.002727687703445554
0.00279047223739326
0.0027285431273048745
0.002800013176165521
0.002687318837706698
0.002666738082189113
0.0026836811185785335
0.0026755875744856896
0.0027468145731836557
0.002831190642900765
0.002726089202333242
0.0028361854259856046
0.0028223735216306523
0.0027826410746274633
0.002763551253156038
0.0027089914831230997
0.002632441145833582
0.0026729253816301936
0.0027214949007611723
0.002661139755800832
0.0026951427850872276
0.002653717950124701
0.0027538724336773155
0.002697126460261643
0.0029101020959205926
0.0028164351731538775
0.002692513831425458
0.0027362771553453057
0.0026957445230800657
0.002690024280673242
0.002707452420145273
0.0028268970642238854
0.002761595967458561
0.0027491571533028035
0.0027417554380372165
0.00279469718625478
0.002568670181572088
0.002828671599563677
0.0027876313705928624
0.002784426906146109
0.0027034797240048647
0.0027726810111198576
0.0026952865443308836
0.0027227748767472805
0.0028009090246632696
0.0027509251958690584
0.0027274091462459182
0.0026006216191672136
0.0027050627734934098
0.002577712109632557
0.0026407912524882703
0.002809673749143258
0.002692737899487838
0.002673293817715603
0.0028056541539262982
0.002682473176391795
0.0027445024705957622
0.002701546549797058
0.0026113731903024016
0.0026176160341128706
0.002706361465388909
0.002761259765829891
0.0026672944017627743
0.0027965448063332586
0.002719539940590039
0.002707939250394702
0.0027169235991459572
0.0026383743761107326
0.0026304091489873825
0.0026412653748411684
0.002725019864847127
0.0027712211071047933
0.002713717131409794
0.002655817999038845
0.0027050525858066977
0.0026242527339854858
0.002629404425388202
0.0027242564425250747
0.0028978682833258065
0.0027296148519963025
0.0027449418685864656
0.0026712748831050704
0.0027441071008797737
0.0026567168901237893
0.0027885535813402386
0.0027138185361400245
0.0026760677236597986
0.0026457498199306427
0.002706910839115153
0.0027284112991765143
0.0027495577232912183
0.0027226076496299355
0.0026790841913316397
0.002679298989241943
0.002705946160713211
0.0026605583648051834
0.0027731781502006924
0.002769355111850018
0.002799628188367933
0.0027331388292077463
0.0026323083417810265
0.002727819555439055
0.002696269964799285
0.002661288407398388
0.002758587379939854
0.002744984201854095
0.0026418922315497185
0.0028068102232646198
0.002663861532928422
0.0026476553548127413
0.0026731167966499926
0.002680783334108128
0.0027421987242996692
0.0027219227270688863
0.0026515242690220474
0.0027372683514840903
0.0027045755693688987
0.002666138117201626
0.00276364054181613
0.002647725164242729
0.0027655472664628177
0.0026987257250584663
0.0026711922371760012
0.002733631584560499
0.0027717934420797975
0.002698507314780727
0.0027057181065902112
0.0027209589583799243
0.0027536157658323646
0.0027138486586045472
0.002721828381399973
0.0026997152343392374
0.0026645731416647324
0.002647442304296419
0.0026223282411228866
0.0026989104878157376
0.002713931546313688
0.002731014299170056
0.0026853908447083087
0.0026700845459708944
0.0026795448688790202
0.0027358535180974286
0.0026713737531099467
0.00271093818009831
0.0026957686932291836
0.002645673438673839
0.002688827223610133
0.0026492008441709913
0.0026952585005346917
0.0027545096119865773
0.0027196425701549744
0.002690217412309721
0.002716338281752542
0.0026480238318617923
0.002784330004869844
0.0028029973222874105
0.0027326926233945414
0.0027297892514616252
0.002755525658139959
0.0026132478076033292
0.002678554164012894
0.00269657912394905
0.0027883131220005452
0.0026810068330087233
0.002678078728058608
0.002776294146897271
0.0026521381316706536
0.0026287052842235425
0.00268175654229708
0.0026738505077082662
0.0027432093184324912
0.0028098177688661964
0.0026642513333354147
0.0026935274501011007
0.0026955747882311696
0.002706211926415563
0.0026564777840394527
0.0027387890859972685
0.00273565833504108
0.0026992697874084117
0.002683373843865411
0.0026817566982936113
0.0026738639455288647
0.0027407371485605836
0.0027741007995791735
0.0027426586649380623
0.002704798757331446
0.002707987003959715
0.002712369087385014
0.002599476424002205
0.002726787375358981
0.0026968492928426714
0.0026740783907007425
0.002693390380591154
0.0026589572068769483
0.00264699942432344
0.0027644674912880875
0.002645825247745961
0.002717495572287589
0.002737816000590101
0.0025888927320193034
0.002659000848652795
0.0027406039764173327
0.002619955055779428
0.002700077525805682
0.0027695672784466296
0.0026964184440294047
0.0027683340851217507
0.0027961935350322167
0.0026119679987459676
0.0027524709922727196
0.0026220029770047406
0.0027077761304099114
0.002576579867163673
0.0027193988882936535
0.002639934534163331
0.002727794620222994
0.002621974380745087
0.0027404180390294642
0.0028154818434268235
0.002668672916479409
0.002721969814738259
0.00267033486161381
0.0025956432070233858
0.0025865408645040586
0.0027216327807400376
0.0026934577738575174
0.0025785815938434097
0.0026672197766311
0.002700648815371096
0.0026820223673712463
0.0027175171207636595
0.0027252264483831824
0.002576573314363486
0.00276753602665849
0.0026581569435074927
0.002707301069749519
0.0027555410389322786
0.0027561441250145437
0.0026801190641708673
0.002689973530359566
0.00260293786519469
0.002604321272810921
0.00265703349141404
0.0026999361754860727
0.002604747206205502
0.0026703252911102027
0.0026463429050636476
0.002651005812367657
0.0027194785978645088
0.002632195971782494
0.0026790915057063104
0.0027993736090138554
0.0026251229422632606
0.0027607782976701856
0.002672750826459378
0.0026893029280472547
0.002601032548118383
0.0027521329885348677
0.0026966260792687536
0.00266228616819717
0.002681664106203243
0.002772100471192971
0.0026802173524629325
0.0026386450717109256
0.0026414049684535712
0.002669764955062419
0.0026987105203443206
0.0026626632437546506
0.002619613028364256
0.0028460166929289697
0.0027707772725261747
0.002687247523572296
0.00275139861034404
0.0026949390429217603
0.0027658987895119937
0.002628141132881865
0.00259472513153014
0.0026632688025711106
0.002604740740498528
0.002692000508541241
0.0025777461892721476
0.0026958975422530784
0.0026484430128039093
0.002813781341537833
0.002638590212445706
0.00267240896821022
0.00265157503541559
0.0027655519841209755
0.0026062578265555205
0.0026979190425481647
0.002637199100572616
0.002699622740110499
0.0026497765153180807
0.002588845160789788
0.0027012893825303762
0.0026691889425273984
0.0026458610457484612
0.002638739300891757
0.002618386176181957
0.002607260352233425
0.002714884265587898
0.0027024922682903707
0.0026713962061330676
0.00270941184804542
0.002696616291068494
0.0026437756712039116
0.0026569632487371563
0.0027035237208474427
0.0026175194204552097
0.0027433478529565038
0.0027027291781269013
0.0026885532867527216
0.0027663047378882768
0.0026332193054258825
0.0026650152751244603
0.002790721902856603
0.0027950451539072675
0.002655064767895965
0.0027128848142456263
0.0026098387711681425
0.0026648772438056766
0.0025931641983333977
0.0026587662412566717
0.002590681650908664
0.00263980635907501
0.0026272787398193033
0.0026490992796607314
0.0026585672493092717
0.0028922362602315844
0.0026638856285717337
0.0026296379557970793
0.0026003220025449993
0.0025982915644999593
0.002694671947974712
0.0026193812904966762
0.0027250415296293795
0.00257875154078647
0.002638685451820493
0.002628470895579085
0.0028029279224574565
0.0026632707915632634
0.0025653615943156184
0.002667749124811962
0.002657144563345355
0.0027049365674611183
0.0027112995844800025
0.0026628545101266355
0.0026791646901983767
0.0027308392070699485
0.0026888397394213824
0.0026966804634867003
0.0027705767378211022
0.0027660816721618176
0.002662817121017724
0.0027856407512445005
0.002614433515409473
0.002667256344284397
0.002580963492910087
0.0026412359485402702
0.0027030454704072325
0.0026880447333678605
0.0025415491790045054
0.0025959193846210836
0.002699622279033065
0.0027546948683448134
0.002580453258706257
0.0027413571230135857
0.0026466459035873412
0.002724551553110359
0.0027917709259781985
0.0027054905775003137
0.0025317374369478785
0.002683381048263982
0.0026896313088582246
0.0027116796936752507
0.0025993336814281063
0.0025614412592403824
0.002700030745472759
0.0027481629280373455
0.0027106093929614872
0.0027018884534481913
0.0026632965335738846
0.002617470572004095
0.0027094806891545887
0.002611629036255181
0.002689844068372622
0.0027098776621278377
0.0026637551037129014
0.0025906153384130447
0.0026430578937288373
0.002642489894060418
0.0027292312239296733
0.0026518262646641234
0.002681282445701072
0.00274199677282013
0.002553509644931182
0.002694445545785129
0.0027100784704089166
0.002714940287405625
0.00263455472770147
0.002717812971677631
0.002609975072336965
0.0027354567195288838
0.0026701293862424792
0.0025837839148152852
0.002717033001827076
0.0027451701601967217
0.0027078106359113008
0.00260839132941328
0.0026245055382605642
0.00267298475773714
0.002616393659263849
0.0027737866109237073
0.0026922262692824005
0.00255225345143117
0.0026979698648210617
0.0026708585664164276
0.0027250588056631385
0.002703165611019358
0.002600027308071731
0.0025297784651411347
0.0026890290636220017
0.002640461861155927
0.0026421760220546276
0.0026985730044543745
0.0026523038171580994
0.002716012562159449
0.0027007675834465773
0.0026903708139434457
0.002645588881568983
0.0026655397238209842
0.002700367787620053
0.002679844769882038
0.0028321557538583874
0.0026250647148117422
0.002654445192310959
0.002576628604292637
0.002599710096837953
0.0026898039702791723
0.002634062179131433
0.002656850714702159
0.0026599011264625007
0.002620780577126425
0.002696681359084323
0.002745102969929576
0.0026435822078201454
0.0028604780661407856
0.0026612254383508115
0.0027014434950979192
0.002627525763346057
0.002653511246862763
0.002607402800349519
0.0026941195828840137
0.002786268123672926
0.0026960014377254995
0.002585192395345075
0.00262330723926425
0.0027423621877096594
0.00267432052642107
0.0026908477349206804
0.002831179591594264
0.002592992779100314
0.0027292987599503247
0.0026582317135762424
0.0026288832875434307
0.0025296203955076633
0.002708667275728658
0.0026518910715822132
0.0025970084255095573
0.002609696885338053
0.0026027044362854214
0.0026210064707993296
0.002538749973027734
0.00267645739717409
0.002601360606495291
0.002720912720542401
0.002612344288500026
0.002699236418120563
0.002739353305660188
0.0026078558226072346
0.0026755851669076946
0.0026371366111561656
0.002719815646996722
0.002697696345858276
0.002531943342182785
0.002700918107293546
0.0026967858046555195
0.002666398596484214
0.0026977806410286576
0.0026516168767921045
0.002661604720633477
0.002590346592478454
0.0026853055867832156
0.0027252910812967457
0.002641844793688506
0.0027223663905169815
0.0026451238396111875
0.002575313828419894
0.0027037912956438957
0.0026028336270246654
0.002588551741500851
0.0026518664450850336
0.0026031554758083075
0.0026400465122424065
0.0027166064688935875
0.0027592913701664657
0.0026552146533504128
0.0025656628797878513
0.0027194529981352388
0.002577244151289051
0.002669023872585967
0.002684612856246531
0.0027639636443927886
0.0026135513954795896
0.0025442102330271153
0.0026462406881182688
0.002655349941633176
0.0026120727745001203
0.0026972307392134098
0.0027677791088353844
0.002712228502641665
0.002619226083625108
0.0026003011874854566
0.002672655472997576
0.002695647575892508
0.0026552578702103346
0.0026776535459794104
0.002607578147435561
0.0026520450460520806
0.0025810026086401194
0.002674566691275686
0.002671711390139535
0.0026794297294691206
0.0026524287660140543
0.002701172026572749
0.002642490031430498
0.002717471069190651
0.0025694347021635623
0.002764116977341473
0.002653977128211409
0.0026995325717143713
0.002658914271669346
0.002699387820903212
0.0026940816873684526
0.0027050770879213813
0.0025973513268399986
0.002779277532827109
0.0027047454623971134
0.002737210812047124
0.002626577280461788
0.002634300292702392
0.0026469845188694307
0.0026710850605741144
0.002646836353233084
0.002733122514327988
0.00261822598753497
0.002598055551352445
0.0027511637518182397
0.0026105460955295713
0.0026145856617949903
0.002768978108651936
0.002720786229110672
0.0026170124314012356
0.0025709078658837825
0.0027392202641203767
0.0026355073892045766
0.0026900594204198568
0.002657695384696126
0.002583885723724961
0.0027270846359897403
0.0026816748932469636
0.002624569783802144
0.002569939298409736
0.00263793162706861
0.002731688304338604
0.0026215739699546247
0.002583366974722594
0.0026435865205712617
0.002691437629982829
0.0027512136346194895
0.0027459210727829486
0.002703519961796701
0.0026138407399412243
0.0025355683593079447
0.002670322131598368
0.0026958430535160005
0.0027901651442516595
0.00274930217419751
0.0026578692090697587
0.0026059068526956253
0.002653339902171865
0.0025672270392533393
0.0027106465451288385
0.0026121214672457428
0.002586003965698183
0.002720587510848418
0.002635409950744361
0.0026345819533162285
0.0026625988190062343
0.002556260795754497
0.0026144685852341355
0.0026492559944745154
0.002634942603763193
0.002605974890902871
0.0026716449426021425
0.0026757922885008154
0.0026960286090616137
0.0026611226120076027
0.0027439374022651462
0.0026538579375483097
0.002632316822418943
0.0026785224804189056
0.0026434717793017625
0.0026898476609494536
0.002676764685420494
0.0026792090060189368
0.0026754276046995072
0.0026472394738812
0.0025608752578409623
0.002562860954822099
0.0026034370134584606
0.002682666750770295
0.0025923992111347616
0.0026920750376302747
0.002546502350596711
0.002624858176568523
0.0027137350966222585
0.0026189605449326338
0.0025751989090349527
0.0027018985513132063
0.0026890886574256
0.002585934702074155
0.002670352173736319
0.0027440734149422495
0.0025855926765871117
0.002589682229918253
0.0026306900402232715
0.002664591884240508
0.0027627623826265335
0.0026233727500948587
0.0027386968617793173
0.0026250058738514783
0.002641071772668511
0.002601287664147094
0.002668613001878839
0.0026994044403545556
0.002609384161187336
0.0026437126833479853
0.002661809178534895
0.0026344458099629266
0.0026296929263480706
0.0025870689412113277
0.002574608815993997
0.0028122717351652684
0.0026858696818817408
0.002684187265112996
0.002686619373271242
0.0027464191848412156
0.0026232603879179804
0.0026164124673232437
0.002697041413048282
0.002699493548134342
0.0026629061682615428
0.002635742701822892
0.0026325516495853663
0.00259368080412969
0.0027288272813893854
0.0025621400855015963
0.0027012379125517325
0.0026165386801585556
0.0026131823007017373
0.002541094475891441
0.002631825014250353
0.002556903550357674
0.002586111619602889
0.002690631397999823
0.0026937388850637946
0.0027419263985939326
0.0026403210638090966
0.0027929577510803936
0.0026672829443123193
0.002587581113912165
0.002751915827393532
0.0025661249516997484
0.002580965808556357
0.0026955441443715245
0.0026444143801927565
0.002549130235456687
0.002568683808131027
0.0027756423060782253
0.0027224427089095117
0.0026681308425031604
0.002638503046473488
0.002606889938469976
0.0025676796485640807
0.002677227869789931
0.0027067061932757497
0.0026098883373197167
0.00260547716752626
0.002628184965287801
0.002599571573082358
0.0025794893014244734
0.002531784500461072
0.002640397122595459
0.002767609724360227
0.00267626631539315
0.0026470211351988836
0.0025988574817893094
0.002770021273754537
0.002630041124939453
0.0026522800337988885
0.0027687551686540247
0.0025743186962790786
0.0025864005065523088
0.002580589483259246
0.002536762020608876
0.0026274063923483484
0.0026321426732465623
0.002715606769779697
0.0026627736049704255
0.0025357828039341257
0.0026007822761312128
0.0027091529150493443
0.0026685936015564946
0.002553271120414138
0.002599414918804541
0.0026292343041859566
0.00252607895188703
0.0026494639017619194
0.002699767441081349
0.002608244114089757
0.0027522939152549953
0.002687042001634836
0.0026159043241568724
0.002732979895081371
0.002782117364586156
0.0025915154951508157
0.0026189135011372854
0.002604041628073901
0.0026349652092903853
0.002665486464975402
0.0026957816429785454
0.0025512353790691123
0.0026676027814392
0.0027055248257238417
0.0026007731027493717
0.0027379176835529507
0.002568900620099157
0.0026755910564679655
0.002789031679276377
0.002540653926334926
0.0025441010331269352
0.0025823041609328357
0.00265799760894879
0.0026837307470850644
0.002528485286748037
0.0026537146773262066
0.002700374344130978
0.002571601041490794
0.0026872040121816098
0.002671761162346229
0.002661979387048632
0.002725724995470955
0.002676519008964533
0.0026269563182722776
0.0026823293219786137
0.002676440302748233
0.002725069166626781
0.0027625938667915763
0.00258749358006753
0.002650465170154348
0.0026385707524605095
0.002706441810587421
0.002675125409150496
0.002660951029392891
0.0026684177981223913
0.0026969805778935554
0.002581383013166487
0.00276156774838455
0.002581160570262
0.0027211610262747855
0.002695097818505019
0.0026248462637886404
0.002646329447161406
0.0026405378547497095
0.00270348632860987
0.0026964013115502892
0.002633343422894541
0.002619299504440278
0.002534289582108613
0.0026407458749599755
0.002513243951252662
0.0025493477028794586
0.0026291838008910416
0.0025533464015461502
0.0025613547395914793
0.00265524675603956
0.002663838730659336
0.0026242975681088866
0.002631019132677466
0.00259559640660882
0.002531028085395519
0.0027020005614031106
0.0026188011665362865
0.0026292162253230343
0.0026014674827456474
0.0027264874847605825
0.0026604861067608
0.0025761224410962313
0.0027035081083886326
0.0026196431519929318
0.002620044053765014
0.002622448429465294
0.0025554858369287105
0.002605313124076929
0.0026886098238173874
0.002639823158169747
0.0025965355922380694
0.0026494576431286988
0.002652509469771758
0.002694967276183888
0.002563413577154279
0.0025928854010999203
0.0026830335799604655
0.002720241411589086
0.002565812640277727
0.002673408959526569
0.0026450438366737218
0.002570283991517499
0.002704915413632989
0.002614224256249145
0.0025405117659829555
0.0026680163223136333
0.0026798357104416935
0.0026499253895599395
0.002697091669360816
0.002638764069415629
0.0026321201292739717
0.002679590171901509
0.002693352634087205
0.0026574816356878727
0.002705512836109847
0.002673746309010312
0.002739485006313771
0.0027879350120201705
0.0026787612214684486
0.002609347413526848
0.0026280305476393553
0.0026100311614573003
0.0027663480886258186
0.00264227896630473
0.002662569059611997
0.002690553037682548
0.002701193428365514
0.002717750717420131
0.0026798505638726054
0.0026755043992307036
0.0026400043617468326
0.002636083890683949
0.002630043587414548
0.002759310470428318
0.0025860657705925405
0.0026813376508653163
0.00266792897018604
0.0027227635600138456
0.002610618814942427
0.002668752800236689
0.0026039587950799615
0.0026977051491849126
0.002697827706579119
0.0026416287051688413
0.002568090600980213
0.0025406539002869977
0.00264993158983998
0.002618498965166509
0.0026085003337357193
0.0026260026020463556
0.0026175303116906436
0.0025513840152416377
0.002645453748991713
0.0026325005060061813
0.0025301458244211972
0.0026855002029333263
0.0025187551719136536
0.002601977961603552
0.002609192437193997
0.0026054651977028697
0.002697118136566132
0.0026583068491891028
0.0026191128874779677
0.0026763370330445467
0.002656091381795704
0.0026500642951577903
0.002767322682775557
0.00272437829291448
0.002615868377070001
0.0026244328962638976
0.0026287078182213007
0.0026050469712208726
0.0025551647448446603
0.0026199480985451373
0.0026348028481879737
0.0026841058814898134
0.002619846283669176
0.002647151087876409
0.0026763062458485367
0.0025994712626561524
0.0027083049260545524
0.0026805853040423244
0.002648277529515326
0.002755164013942704
0.002690715688513592
0.0026177817897405477
0.002560845052357763
0.0026228004950098693
0.0026546812453307213
0.002572811938043742
0.0026739819825161246
0.0025858453183900563
0.0025995323807001115
0.0025679128506817506
0.0026357090519741177
0.002603663933623466
0.002566030707675964
0.002651106099365279
0.00266937700798735
0.0025790072805830276
0.002593069141730666
0.002700121566886082
0.002542556101689115
0.0026409906486514955
0.002682893832679838
0.002593059546779841
0.0025187272240873426
0.0025845509639475495
0.002690046544885263
0.0026303387607913464
0.0026272628793958573
0.0025735696870833637
0.0027435939107090233
0.002624971035402268
0.0026213464617285353
0.0026367514580488203
0.0025056578149087725
0.0026564836129546166
0.0027515331400354624
0.0025585833156947044
0.0025832301215268673
0.0026874289463739843
0.002616526677738875
0.002757034916430712
0.0026977032073773445
0.002598369987899787
0.002636761679314077
0.0025917405146174133
0.002569218469216139
0.002637942769797519
0.002467975395884423
0.0026456925158345255
0.002578848780030967
0.002606733696302399
0.002610883606830612
0.0026176813361234964
0.002738440587418154
0.0026238015561830252
0.002638681436656043
0.0025998257682658733
0.0026502321140651473
0.0025715408427640796
0.002646051819647255
0.0026883572211954744
0.0025494882824568777
0.0026613958974485287
0.0025991548721140136
0.0025867537420708685
0.002645618218521122
0.002724207432474941
0.0027470000740140678
0.0026375341264065354
0.0026140509243123234
0.0027024966536555437
0.002650364394066855
0.002653547931513458
0.002629212092142552
0.0026341406698338686
0.002647685300325975
0.0025005639862501995
0.0026552664072369224
0.002737917433260009
0.002757459064014256
0.002618177841650322
0.0025935943820513787
0.0026553080684971063
0.002803909472131636
0.00259925753925927
0.00267412515822798
0.0027174951683264226
0.0025577129528392105
0.002711355418432504
0.002608764193719253
0.0026882271317299456
0.0026355357677675783
0.0026272297497780526
0.002660652931081131
0.0026280024531297385
0.002638777680695057
0.002660277917748317
0.002535252997186035
0.002621206067269668
0.0026751067116856575
0.0025337135302834213
0.002617948002880439
0.0026543485723959748
0.0025914844724320573
0.0025866128294728696
0.0025147179125633557
0.002589085553318
0.002621040150988847
0.002571838111616671
0.0027918914926704018
0.002569870848674327
0.0025710558600258084
0.0025679597951238976
0.00266229197033681
0.002751236229669303
0.0025865543948020786
0.0026581641705706715
0.0026821071817539634
0.002657635849900544
0.0026597865007352084
0.002616196962771937
0.00260834756634722
0.002566230755764991
0.002510798554867506
0.0026059204328339547
0.002608648625900969
0.0026629227353259922
0.002682845430681482
0.0025701176025904717
0.002601733624469489
0.002648292282319744
0.002707928048912436
0.0025497717202597413
0.0025746250548399985
0.0025856568745803088
0.0026135865203104915
0.0026019409950822593
0.002601015616673976
0.002702989283716306
0.0026417198916897176
0.0027255691529717296
0.0027334101917222144
0.0025942309421952813
0.0026056070695631207
0.002634909866610542
0.0026627644523978234
0.0026448419370717602
0.002665763635886833
0.0026124296605121345
0.0025757867190986873
0.0025131819932721557
0.002588699711486697
0.0026740940706804395
0.0026289828335211494
0.002668298539938405
0.0026117879436787918
0.002568672562483698
0.0026781854184810073
0.002535084841074422
0.002761728523764759
0.002680253239814192
0.002767430056119338
0.0025253749953117223
0.002634824697215663
0.002678037495352328
0.002616493091045413
0.0025968110898975283
0.0025636846269480886
0.0025666221787105314
0.002625316638732329
0.0026892675308045
0.002575382046634331
0.002512699225007964
0.002616152965929359
0.0026276981108821927
0.0025596192374359814
0.002635637775529176
0.0026165078100166285
0.0025934246135875584
0.0025579189590644092
0.002627820591442287
0.0026699849206488577
0.0026151570025831463
0.0026063264231197536
0.0026100256143035947
0.002643441300606355
0.0026288425642997026
0.002596560859819874
0.0026702745596412568
0.002629591979784891
0.0027011650684289636
0.002696329653263092
0.002671560826347559
0.0026750905031803995
0.002552204434759915
0.0026954595114511903
0.0026768398012791293
0.0024857884602533884
0.0026245106746500824
0.002466163711033005
0.0026295018894597886
0.00257214987417683
0.0025475307716988026
0.0025866177247371525
0.0026483923126943408
0.0025092749304894825
0.0026913466700352728
0.00253223460582376
0.002676063937760773
0.0026526581519283354
0.002688637092942372
0.002688857790781185
0.002694483826635405
0.0026523865209310315
0.00265599386068061
0.0026169469859451057
0.002474302916089073
0.0026373841508757325
0.00266654122453474
0.0025770392932463436
0.0027078846795484425
0.002693702509859577
0.0026072575664147736
0.0026375885354354978
0.0026506034631165677
0.0025186224223580213
0.002585828762676101
0.002628348032012582
0.002561395038646879
0.0026262033660896123
0.0025869091134518383
0.0026152944010391366
0.002575582308927551
0.00267584893386811
0.002700803349725902
0.002716475024353713
0.0026883032789919523
0.0026573496137643816
0.0026986321760341524
0.0025965947308577595
0.0026585160429021927
0.0026014208886772396
0.002683120969450101
0.0026085506503477516
0.0025174895511008797
0.0026376754254306433
0.002657242447603494
0.002634210428223014
0.0026604566350579262
0.002669356238329783
0.002646533155348152
0.0026270401593865246
0.0025560010394474375
0.002469902047087089
0.0025996620953083038
0.0027115455048624428
0.002679309907834977
0.002684479705421836
0.0025605464586988093
0.0027212612133007495
0.002611881571356207
0.0025050468265544624
0.0025954372241540112
0.0027342260035220535
0.0026833167823497204
0.0026834204653277995
0.0026954899821430445
0.0027006324275862426
0.0027097011229489
0.0026508364314213394
0.002649844999978086
0.002566351756686345
0.002739716878859326
0.0026909717719536277
0.0026879668235778808
0.0025383741127734537
0.0026289785339031367
0.0026297452847938983
0.0025932166480924935
0.002583016835851595
0.0026531681325286625
0.002652689345413819
0.0026598217186983675
0.002638622063677758
0.0025780340586788954
0.002610614678560523
0.0026321745733730497
0.002598731230245903
0.0025694075518913452
0.002473385465091269
0.002600556876277551
0.0027498313085379776
0.002543318018215359
0.0025877855613362045
0.0026581972150597722
0.0025106823514215648
0.002493903355752991
0.0026725738472305237
0.0026901319450553275
0.0025381638284306973
0.002673991535557434
0.0026458877441473305
0.0026334837467220495
0.0026498496218118816
0.002652083741268143
0.0026955635997001084
0.0025748013019619973
0.002569158022524789
0.002611425725044683
0.0026657181116752325
0.002602233511133818
0.0027163673716859194
0.0025597305654082446
0.0026502258446998894
0.002584991897456348
0.002502872796030715
0.002560686682227242
0.002705204726662487
0.002644834165694192
0.002694723950698972
0.002623224485432729
0.0026176423847209663
0.0025767648685723543
0.0026298170920927076
0.002677885382436216
0.002601253923639888
0.0027233507216442377
0.00262626661809918
0.0025405649899039417
0.002596955631161109
0.0026252197136636822
0.002558747666334966
0.0026163449417799713
0.002573952677194029
0.0026067481239078916
0.002529373448342085
0.0025336841261014344
0.0025489457428921015
0.0025958277762401847
0.0026368578693654852
0.002629939220860251
0.0027428018860518933
0.0026835842500440776
0.0026170499734871557
0.0026505617832299324
0.0025577968110883378
0.0026336770202760817
0.0026536293484605267
0.0026002624516695506
0.002573628740210552
0.0026282033427924034
0.002630935765337199
0.002611374938242079
0.0026516816206276416
0.002671703706291737
0.0026171120977960525
0.002554420929009211
0.0027098988287616523
0.0026488247013185173
0.0026752870972268283
0.0025631890399381517
0.0026422001281753184
0.002525194234913215
0.0026313377136830242
0.0025517320109065622
0.0025794795037654694
0.002594988147029653
0.0026874312257859855
0.0025388494316575818
0.002683042356511578
0.0026010741223581133
0.0026464434585068376
0.002521051471121609
0.0026610766316298396
0.002664750068215653
0.0026108858769293875
0.0025584188534412532
0.002650650712894276
0.0026632881280966103
0.002579815082717687
0.0027058476360980422
0.0027201229659840464
0.0026969893870409578
0.002709379395528231
0.0025474839012895245
0.002739623571978882
0.0027027457125950605
0.0025963011151179673
0.0026484511920716615
0.002562584254774265
0.0025865276367403565
0.0027117943160556023
0.0026309100980870426
0.0026517381344456224
0.0025764649093616755
0.0026716533484432148
0.0027271647565066813
0.0026244376704562455
0.002658468722111138
0.0025893905689008535
0.0025605524168349804
0.0025567645602859557
0.0025387619129469386
0.0026979039564685083
0.002640180852031335
0.0026969553902745245
0.0025288952235132454
0.002624612522922689
0.0025751743686851115
0.0025487135408911853
0.002587626165477559
0.002636743530165404
0.0026344194458215496
0.002629521795315668
0.0026557665900327266
0.0025794803816825153
0.0025606375699862836
0.002617997228226159
0.0025863388262223454
0.0026058883408040857
0.002588310908759013
0.002570201891940087
0.0026394507451914253
0.0025598055159207433
0.002659523067995906
0.0026304246310610326
0.0025195838464424016
0.00258394566597417
0.0026110987178981303
0.0027509879425633697
0.0025699736236128954
0.0026543829299043864
0.0025684382051258583
0.0024486028705723584
0.0025905991939362137
0.0024945908423978837
0.0026024639094248416
0.0026519151334650813
0.0026419911917764695
0.0025538805892574602
0.002605037131579593
0.00265011245617643
0.0025710257003447624
0.0027859774371609093
0.002660322037700098
0.0026216640858910977
0.00258372652449907
0.0025326280680019408
0.0026688863901654257
0.002599154929648648
0.002609595948106289
0.002554272840498015
0.0026099397856160066
0.0026181085952703144
0.002629293645732105
0.0026871501746063586
0.002574368231325934
0.0026220916130114346
0.0026274930755607784
0.002607829731423408
0.0026269422040786595
0.002588288770057261
0.0025833097647409886
0.0025606531382072716
0.0025261398230213674
0.00258326255792781
0.0025189438508823516
0.0026272675150539725
0.00264352225814946
0.0026381582813337443
0.002509453407219553
0.0026467800734099
0.0026116753998212516
0.00264866420882754
0.0026288122264668343
0.002600654478883371
0.0026354187401739183
0.0026191420410759747
0.0026062516181264072
0.002584466628031805
0.002639439826598391
0.00260885505733313
0.0026614045847964006
0.0026066239295323614
0.0025941060250625012
0.0026662594429217278
0.0027141220471821725
0.0025552182830870154
0.002481804291746812
0.0025449781666975466
0.0026971540134400128
0.0026971181144472213
0.002490716473766952
0.002629688762826845
0.0025434273481369017
0.0026944195840042083
0.0025728297291789204
0.0026972768094856293
0.002661426538415981
0.0025571215157833647
0.0025890142074786126
0.002434583098583971
0.0026052882173098623
0.0025530043651815506
0.002598923535551876
0.002734218528494239
0.0025774834469484633
0.002703932470176369
0.0026305269973818214
0.0026046384719666093
0.0026092314107518176
0.0026214528642594815
0.002662649431731552
0.0026050278695765885
0.0026172203570604324
0.0025794559996575117