0.00012865803728345782
0.0004536996711976826
0.008296560496091843
0.04094885662198067
0.06103866919875145
0.06796645373106003
0.07348712533712387
0.07529871165752411
0.07516948133707047
0.07377202808856964
0.07646243274211884
0.07452207803726196
0.07254374027252197
0.07234840095043182
0.07432131469249725
0.07439658790826797
0.07269756495952606
0.07510216534137726
0.07852236181497574
0.07489880919456482
0.07497061789035797
0.07679732143878937
0.07672592997550964
0.07606475800275803
0.07543077319860458
0.07619883865118027
0.07342470437288284
0.07691548019647598
0.07213150709867477
0.07691072672605515
0.07521717995405197
0.07568790763616562
0.07521374523639679
0.07643534988164902
0.07645486295223236
0.07614218443632126
0.0776340439915657
0.07887211441993713
0.07895775139331818
0.07547339797019958
0.07316115498542786
0.07649374008178711
0.0760059580206871
0.07528313249349594
0.07762639224529266
0.0752943903207779
0.07704593241214752
0.0765925794839859
0.0771079882979393
0.07684440165758133
0.0757511779665947
0.0742347314953804
0.0755927786231041
0.07559818029403687
0.07629259675741196
0.07633381336927414
0.07497868686914444
0.07832089066505432
0.07954245060682297
0.0735175758600235
0.07649342715740204
0.08107965439558029
0.0765257179737091
0.07516080141067505
0.07676539570093155
0.0777830109000206
0.07472648471593857
0.08046618103981018
0.0768434926867485
0.07516390085220337
0.08009923994541168
0.07818463444709778
0.07674048840999603
0.07820102572441101
0.07796387374401093
0.07462871819734573
0.07857808470726013
0.07759440690279007
0.0776236355304718
0.07697369903326035
0.07816441357135773
0.0792710930109024
0.07746562361717224
0.07850468903779984
0.07845406234264374
0.07787324488162994
0.0790063813328743
0.07901804894208908
0.07406875491142273
0.07563205063343048
0.07875773310661316
0.08039341866970062
0.07986433804035187
0.076858751475811
0.08097859472036362
0.07846613228321075
0.07683112472295761
0.07680661231279373
0.07754156738519669
0.07835391163825989
0.08125108480453491
0.0813494473695755
0.07973512262105942
0.08352275937795639
0.07855997234582901
0.08295423537492752
0.08101361244916916
0.07792194187641144
0.08091820031404495
0.07904474437236786
0.08031416684389114
0.07887236028909683
0.0769948661327362
0.07818613201379776
0.07585318386554718
0.07557103037834167
0.08158915489912033
0.08012325316667557
0.07883888483047485
0.08100823312997818
0.07673146575689316
0.07848784327507019
0.07977059483528137
0.0801885575056076
0.07877039164304733
0.08187591284513474
0.07612012326717377
0.07814536988735199
0.08162273466587067
0.07858096808195114
0.0799245610833168
0.07601296901702881
0.07982566952705383
0.07967808097600937
0.08051242679357529
0.07526668906211853
0.0802389606833458
0.07604596763849258
0.08013855665922165
0.07895736396312714
0.07874003052711487
0.07736415416002274
0.07941318303346634
0.0777338445186615
0.07990279048681259
0.07992543280124664
0.07778108865022659
0.08287235349416733
0.08255128562450409
0.0831233412027359
0.07987628877162933
0.07867308706045151
0.07660187780857086
0.08073285222053528
0.08271200954914093
0.08135703951120377
0.07813712954521179
0.07905471324920654
0.07697902619838715
0.0805831328034401
0.07990159839391708
0.07852381467819214
0.07805624604225159
0.08085060119628906
0.07902345061302185
0.07981662452220917
0.081517294049263
0.07804381102323532
0.08190788328647614
0.07806190103292465
0.07911468297243118
0.07901162654161453
0.07839278131723404
0.07881292700767517
0.07989296317100525
0.08269079029560089
0.07821230590343475
0.07818455249071121
0.07755347341299057
0.0789295881986618
0.07706231623888016
0.08277067542076111
0.07978484779596329
0.0769726112484932
0.07888016849756241
0.08026821911334991
0.08345958590507507
0.08096630126237869
0.07752378284931183
0.083322674036026
0.07762293517589569
0.07898127287626266
0.08062201738357544
0.08101186901330948
0.08117543905973434
0.08008040487766266
0.0759766548871994
0.07708795368671417
0.08093172311782837
0.08437436074018478
0.08124475181102753
0.08007466048002243
0.07881487160921097
0.08207534998655319
0.081344835460186
0.081729955971241
0.07855312526226044
0.08179568499326706
0.07754687964916229
0.07869996875524521
0.07949517667293549
0.08016732335090637
0.08008766919374466
0.07824493199586868
0.0789918452501297
0.08573883771896362
0.0783756673336029
0.07921966165304184
0.07874847203493118
0.07981447875499725
0.081818588078022
0.07939820736646652
0.08075105398893356
0.08004344254732132
0.08018799126148224
0.08213706314563751
0.07612748444080353
0.08072374016046524
0.08379744738340378
0.08077738434076309
0.0812285840511322
0.08066698908805847
0.08290545642375946
0.08258392661809921
0.08276509493589401
0.08050492405891418
0.08211417496204376
0.07854945957660675
0.08154276758432388
0.08108796179294586
0.07795888930559158
0.08015751838684082
0.08108223229646683
0.08015373349189758
0.07870077341794968
0.08190853148698807
0.08281378448009491
0.08247706294059753
0.07894726097583771
0.08210839331150055
0.08254064619541168
0.08347637206315994
0.08124468475580215
0.07906714826822281
0.08056269586086273
0.08102905005216599
0.08477167785167694
0.08459177613258362
0.08065260946750641
0.07975251972675323
0.0818786695599556
0.08488243818283081
0.08201320469379425
0.07793831825256348
0.08491761237382889
0.08332876861095428
0.08201627433300018
0.08211597800254822
0.07926313579082489
0.07856511324644089
0.08325763046741486
0.0798313170671463
0.08112592995166779
0.0838317796587944
0.07969055324792862
0.0832202136516571
0.08255715668201447
0.08043442666530609
0.0798872783780098
0.08212491124868393
0.07873661816120148
0.08291619271039963
0.078605517745018
0.07800495624542236
0.08188312500715256
0.07848428934812546
0.0820951834321022
0.07951561361551285
0.08205965161323547
0.08162838220596313
0.07806464284658432
0.08287639915943146
0.08382722735404968
0.08109579235315323
0.07833941280841827
0.08018429577350616
0.0816827118396759
0.08107313513755798
0.08329734951257706
0.0803111344575882
0.07995527982711792
0.08207078278064728
0.07952999323606491
0.08351448178291321
0.08321631699800491
0.079552061855793
0.07665841281414032
0.08043184131383896
0.08029550313949585
0.07855397462844849
0.08297804743051529
0.0811024010181427
0.08281932026147842
0.07991458475589752
0.0793360024690628
0.08154472708702087
0.08257310092449188
0.0792214646935463
0.083467036485672
0.08277294784784317
0.07890646159648895
0.08165981620550156
0.08315930515527725
0.07827398180961609
0.08496680110692978
0.08003835380077362
0.08345311880111694
0.08030178397893906
0.08053697645664215
0.08262762427330017
0.08164607733488083
0.08212845772504807
0.07916832715272903
0.08010977506637573
0.08411837369203568
0.07957711070775986
0.07946541160345078
0.08502937108278275
0.08114513754844666
0.0794902816414833
0.08383870869874954
0.08370750397443771
0.08383212983608246
0.08056943863630295
0.08117958903312683
0.08052431792020798
0.08099745959043503
0.08150124549865723
0.08174696564674377
0.07997000962495804
0.08489874750375748
0.08274295926094055
0.08256887644529343
0.08238589018583298
0.079267717897892
0.08003974705934525
0.08217906951904297
0.08077489584684372
0.08109262585639954
0.08010899275541306
0.08265693485736847
0.08149586617946625
0.07625024020671844
0.0797414556145668
0.08263839036226273
0.07884722948074341
0.08355025202035904
0.0802697166800499
0.07854683697223663
0.0784100592136383
0.07835903018712997
0.08196663856506348
0.08026156574487686
0.07847017049789429
0.0829460620880127
0.08219319581985474
0.08623134344816208
0.08057284355163574
0.08438867330551147
0.07872190326452255
0.08132373541593552
0.08140557259321213
0.07883740216493607
0.08175366371870041
0.07938716560602188
0.08582597970962524
0.08211083710193634
0.08090506494045258
0.08115021884441376
0.08228151500225067
0.08218932151794434
0.07997854799032211
0.0823638066649437
0.0818159356713295
0.07864949107170105
0.0806862860918045
0.08262045681476593
0.08561680465936661
0.08092127740383148
0.08341342210769653
0.08280860632658005
0.08411531150341034
0.08260615170001984
0.08266404271125793
0.08168058097362518
0.08106523752212524
0.08134596049785614
0.08171241730451584
0.08070110529661179
0.08233349025249481
0.0835544690489769
0.07894402742385864
0.0838250145316124
0.08205128461122513
0.07984212040901184
0.08018948882818222
0.08187553286552429
0.0825437530875206
0.08519108593463898
0.08351980894804001
0.08298420906066895
0.0843915194272995
0.08117760717868805
0.0825018435716629
0.08384589850902557
0.08084054291248322
0.08082474023103714
0.08274833858013153
0.08133015781641006
0.08149619400501251
0.08095243573188782
0.07922575622797012
0.08299923688173294
0.08153114467859268
0.08219053596258163
0.08332184702157974
0.08298496901988983
0.08317559957504272
0.08080753684043884
0.08262971043586731
0.08006513863801956
0.08105513453483582
0.08244399726390839
0.07614752650260925
0.08023353666067123
0.08311102539300919
0.08193830400705338
0.07862009108066559
0.08117186278104782
0.08270593732595444
0.08132170885801315
0.07953040301799774
0.08102264255285263
0.08109595626592636
0.08296793699264526
0.08511477708816528
0.07850787043571472
0.08155781775712967
0.08248522877693176
0.08288206905126572
0.0817648321390152
0.08313863724470139
0.08072371780872345
0.0787726640701294
0.07659939676523209
0.07978925108909607
0.08096743375062943
0.08270467817783356
0.07846847176551819
0.07767506688833237
0.07919880002737045
0.08299902081489563
0.08152048289775848
0.08218631893396378
0.08568091690540314
0.07836542278528214
0.08114229887723923
0.08495211601257324
0.08241219818592072
0.08051234483718872
0.08139047026634216
0.08062306046485901
0.08355402201414108
0.08030297607183456
0.0812637060880661
0.0823414996266365
0.08200300484895706
0.0810336023569107
0.08185258507728577
0.07991878688335419
0.078363798558712
0.07951956987380981
0.07969579845666885
0.08132291585206985
0.08471979200839996
0.08029966056346893
0.08030178397893906
0.0828862413764
0.08020680397748947
0.08177896589040756
0.08271603286266327
0.08345527946949005
0.08429299294948578
0.07897660881280899
0.07986714690923691
0.08264558017253876
0.07964208722114563
0.07715478539466858
0.08345057815313339
0.07875236868858337
0.08461695909500122
0.07987800985574722
0.08132345229387283
0.07998616248369217
0.08329960703849792
0.08221952617168427
0.08291231840848923
0.0803641602396965
0.08001285791397095
0.07905057072639465
0.08048614859580994
0.08110086619853973
0.08120284974575043
0.07981875538825989
0.07990551739931107
0.08099398761987686
0.08063149452209473
0.08586757630109787
0.08255349844694138
0.08118557184934616
0.08065769821405411
0.0797826424241066
0.07961263507604599
0.08080772310495377
0.07960885763168335
0.08314736187458038
0.08011126518249512
0.08141028136014938
0.08087678998708725
0.08045785874128342
0.07922665774822235
0.07857335358858109
0.08291708678007126
0.07886546105146408
0.08222909271717072
0.08156690746545792
0.0813029557466507
0.08207426220178604
0.08044586330652237
0.083885557949543
0.07935886830091476
0.08293343335390091
0.08270730823278427
0.07886391133069992
0.0818869099020958
0.08014188706874847
0.0826810896396637
0.08385653793811798
0.08436675369739532
0.07947278767824173
0.08511428534984589
0.08483642339706421
0.08071665465831757
0.0802396759390831
0.07944093644618988
0.08392644673585892
0.0805269256234169
0.078766830265522
0.08300463855266571
0.08250966668128967
0.08131414651870728
0.07992382347583771
0.0833931639790535
0.08238087594509125
0.08372057974338531
0.0811324343085289
0.0845203772187233
0.07946953922510147
0.0786362737417221
0.07922413945198059
0.07974159717559814
0.08193320035934448
0.08463693410158157
0.08061189949512482
0.0850973054766655
0.0847756564617157
0.08127907663583755
0.08387799561023712
0.08070565015077591
0.07751612365245819
0.08141513168811798
0.08109371364116669
0.08064965903759003
0.08031541109085083
0.07926937937736511
0.08090811967849731
0.08140341937541962
0.08820750564336777
0.08564336597919464
0.08199930191040039
0.08247347921133041
0.08013592660427094
0.08205325156450272
0.08172157406806946
0.08639150857925415
0.0836406797170639
0.08255176246166229
0.08218268305063248
0.08515667915344238
0.07553600519895554
0.08489268273115158
0.08271048218011856
0.0833413302898407
0.08003272116184235
0.08164331316947937
0.08114413172006607
0.08251680433750153
0.08293798565864563
0.08118479698896408
0.08027930557727814
0.07835794240236282
0.08166534453630447
0.07728591561317444
0.0779208168387413
0.08327991515398026
0.08062920719385147
0.07962428778409958
0.0844932496547699
0.08121287077665329
0.08087725937366486
0.07989899814128876
0.078525111079216
0.07950647920370102
0.08274619281291962
0.08244183659553528
0.08133283257484436
0.08488485217094421
0.08114123344421387
0.08141329139471054
0.07966142892837524
0.08029409497976303
0.07839715480804443
0.0791064202785492
0.08165181428194046
0.08280886709690094
0.08125022053718567
0.08009790629148483
0.08202949166297913
0.08116399496793747
0.0790380984544754
0.08073309063911438
0.08799399435520172
0.08323647826910019
0.08222378045320511
0.07881093770265579
0.082480289041996
0.08005329221487045
0.08350133150815964
0.08078208565711975
0.08099488168954849
0.0804305449128151
0.08196213841438293
0.08295626938343048
0.08342154324054718
0.082937091588974
0.08167941123247147
0.07978077232837677
0.08203298598527908
0.0798274353146553
0.08225240558385849
0.08233663439750671
0.08313199132680893
0.0828365907073021
0.07826955616474152
0.08188509941101074
0.081784687936306
0.08173030614852905
0.08231005817651749
0.08347485214471817
0.07931597530841827
0.08438195288181305
0.07978005707263947
0.08166501671075821
0.08068912476301193
0.08036288619041443
0.08304157853126526
0.08316653966903687
0.07930602133274078
0.0827770009636879
0.08175332099199295
0.08097896724939346
0.08522964268922806
0.08089277148246765
0.08410762995481491
0.08036733418703079
0.07995178550481796
0.08221719413995743
0.08365161716938019
0.08071472495794296
0.08272629976272583
0.08011588454246521
0.08294115960597992
0.08259288966655731
0.08277402073144913
0.08184750378131866
0.08145322650671005
0.07673685252666473
0.07988673448562622
0.08042386919260025
0.08081307262182236
0.08316190540790558
0.0799487754702568
0.08166733384132385
0.08192179352045059
0.08184018731117249
0.08162971585988998
0.08188343048095703
0.08015367388725281
0.08061270415782928
0.08180566877126694
0.07803639769554138
0.08133082091808319
0.08302079886198044
0.08041170984506607
0.08042604476213455
0.08296690136194229
0.08122687041759491
0.08451242744922638
0.08575504273176193
0.0830025002360344
0.0845983698964119
0.08361156284809113
0.07912552356719971
0.08194301277399063
0.08075200766324997
0.08436240255832672
0.08160442113876343
0.08211548626422882
0.08310555666685104
0.0799660012125969
0.08062486350536346
0.08056436479091644
0.07992222160100937
0.08151593059301376
0.08345317095518112
0.08253172039985657
0.08240892738103867
0.0803336352109909
0.08214075863361359
0.08084846287965775
0.08252266049385071
0.08081496506929398
0.08061283826828003
0.08038946986198425
0.0820087417960167
0.08160281181335449
0.08330028504133224
0.08474805951118469
0.08296527713537216
0.08257263153791428
0.08151690661907196
0.0818311795592308
0.07995762676000595
0.08144881576299667
0.08147204667329788
0.08092698454856873
0.08103568106889725
0.08225394040346146
0.08057792484760284
0.08361394703388214
0.0803726315498352
0.08304163068532944
0.08248255401849747
0.07814563065767288
0.0802658349275589
0.08219549804925919
0.08013155311346054
0.08286996930837631
0.08473215997219086
0.08242762833833694
0.0837780311703682
0.08368706703186035
0.07766234129667282
0.08472786843776703
0.08009304851293564
0.08000575751066208
0.07782862335443497
0.08319304138422012
0.08226216584444046
0.08515371382236481
0.08104555308818817
0.08199811726808548
0.08584394305944443
0.0809442326426506
0.08160850405693054
0.08091191947460175
0.07921276241540909
0.08073684573173523
0.0822339653968811
0.08511026203632355
0.08014904707670212
0.08100220561027527
0.08312508463859558
0.08061181753873825
0.08311906456947327
0.08371147513389587
0.07948752492666245
0.08653458952903748
0.08202426880598068
0.0815485268831253
0.08416348695755005
0.08363749831914902
0.08033949136734009
0.08256619423627853
0.07867369055747986
0.07910508662462234
0.08129872381687164
0.08189313858747482
0.07936353981494904
0.08023925125598907
0.08036515861749649
0.08170720189809799
0.08264844119548798
0.07878334075212479
0.08126609027385712
0.08472402393817902
0.07861596345901489
0.08407142758369446
0.08167177438735962
0.08261847496032715
0.07911885529756546
0.08536062389612198
0.08121780306100845
0.08049967139959335
0.08190841972827911
0.08375774323940277
0.08106547594070435
0.08093467354774475
0.08115227520465851
0.08099664002656937
0.08033020049333572
0.08185356110334396
0.08102130144834518
0.08489959686994553
0.08476651459932327
0.0816037729382515
0.08391252160072327
0.08239578455686569
0.08397176861763
0.07958671450614929
0.07923802733421326
0.08104228973388672
0.07938037067651749
0.08158960193395615
0.07898874580860138
0.08102705329656601
0.08084757626056671
0.08615639060735703
0.08089593052864075
0.08062973618507385
0.08021246641874313
0.08527864515781403
0.0793837159872055
0.0829315185546875
0.08052125573158264
0.08479712158441544
0.08008303493261337
0.07715393602848053
0.08170614391565323
0.0823940858244896
0.07939954847097397
0.08144756406545639
0.07897540926933289
0.0794806033372879
0.08275515586137772
0.08209824562072754
0.08119814097881317
0.08247824758291245
0.08380004018545151
0.0814877599477768
0.08033894747495651
0.08322875201702118
0.08086930960416794
0.0831686332821846
0.08449871838092804
0.08177174627780914
0.08480790257453918
0.08231741189956665
0.08061997592449188
0.08533377945423126
0.08505021780729294
0.08124157786369324
0.08384132385253906
0.08011418581008911
0.08047051727771759
0.07956292480230331
0.08157500624656677
0.07814821600914001
0.07986614853143692
0.07968404144048691
0.08100540935993195
0.0809154063463211
0.08719634264707565
0.08093414455652237
0.07949287444353104
0.08118565380573273
0.07828018069267273
0.0828036516904831
0.08170921355485916
0.08349622040987015
0.0785348117351532
0.08203750848770142
0.0793907567858696
0.08623943477869034
0.08108770102262497
0.07766865938901901
0.0814281776547432
0.0812535211443901
0.08390679955482483
0.0826968103647232
0.08202416449785233
0.08253093808889389
0.08260024338960648
0.08319078385829926
0.08434391766786575
0.0821327194571495
0.08427759259939194
0.08061467111110687
0.08512545377016068
0.08078593015670776
0.08096463233232498
0.07935811579227448
0.08057349175214767
0.08391028642654419
0.0824507623910904
0.08057387173175812
0.08036408573389053
0.08301255851984024
0.08489963412284851
0.07867863029241562
0.08439591526985168
0.08133228123188019
0.08208061009645462
0.08415105938911438
0.08235185593366623
0.07665117084980011
0.08320581167936325
0.08222024142742157
0.0821995735168457
0.07952151447534561
0.07830207794904709
0.08278664946556091
0.0846194475889206
0.08379559218883514
0.08321928977966309
0.08181494474411011
0.08033029735088348
0.08204653114080429
0.08096085488796234
0.08339712768793106
0.08469649404287338
0.0804688036441803
0.07969886809587479
0.08095614612102509
0.0799279510974884
0.0817895233631134
0.08064858615398407
0.08148746192455292
0.08290328830480576
0.07833106815814972
0.08337675780057907
0.0823085606098175
0.08364012092351913
0.08106088638305664
0.08270133286714554
0.08079317212104797
0.0822354257106781
0.08200424164533615
0.07949943840503693
0.0843023955821991
0.08594859391450882
0.08440916240215302
0.08002445846796036
0.07958508282899857
0.08252950012683868
0.08069057762622833
0.0835690125823021
0.08161293715238571
0.07713718712329865
0.08150304108858109
0.0806209072470665
0.08256971091032028
0.0831899419426918
0.07993555814027786
0.07994309812784195
0.07952018082141876
0.0810188576579094
0.08115768432617188
0.08297548443078995
0.08212397247552872
0.0837302953004837
0.08246231079101562
0.08211082220077515
0.08293577283620834
0.08059658110141754
0.08171585202217102
0.08120767772197723
0.08622150123119354
0.079389788210392
0.08183824270963669
0.07923310995101929
0.07967603951692581
0.08194675296545029
0.08036495000123978
0.08203748613595963
0.08294129371643066
0.07919318974018097
0.08199510723352432
0.08327256143093109
0.08166616410017014
0.08743416517972946
0.08169442415237427
0.08307918906211853
0.08133772760629654
0.07974881678819656
0.08226558566093445
0.0827127993106842
0.08470551669597626
0.0831427276134491
0.07840260118246078
0.08142846822738647
0.08520109206438065
0.08231575787067413
0.08197388052940369
0.08601246029138565
0.08026336878538132
0.08401438593864441
0.08118578046560287
0.0805627703666687
0.07759474962949753
0.08438717573881149
0.08149328082799911
0.08044212311506271
0.08028662949800491
0.07937128096818924
0.08057931065559387
0.07755453139543533
0.08142584562301636
0.08082778006792068
0.08297628164291382
0.07957687973976135
0.08447002619504929
0.08379945158958435
0.08022382110357285
0.08234115689992905
0.08164000511169434
0.08384358137845993
0.0833713635802269
0.07984600216150284
0.08334971219301224
0.08309997618198395
0.0804484486579895
0.08258102089166641
0.07995957136154175
0.08250018209218979
0.08087638765573502
0.07967022061347961
0.08182109147310257
0.08152284473180771
0.08400430530309677
0.08159473538398743
0.07898891717195511
0.08251013606786728
0.08067306876182556
0.07857853174209595
0.08168043196201324
0.0818166434764862
0.08272116631269455
0.08392420411109924
0.08465320616960526
0.0819087103009224
0.07903207838535309
0.08385440707206726
0.07867684215307236
0.08114653825759888
0.08243212103843689
0.08458049595355988
0.07861935347318649
0.07689328491687775
0.08403634279966354
0.08284084498882294
0.08136210590600967
0.08436799049377441
0.08322931081056595
0.08196277916431427
0.0810636505484581
0.08065798133611679
0.08131418377161026
0.0844842717051506
0.08086346834897995
0.08323603868484497
0.0801476463675499
0.08158315718173981
0.07945629954338074
0.0831112191081047
0.08176278322935104
0.08143320679664612
0.08145590871572495
0.08259031176567078
0.0807582437992096
0.08272774517536163
0.07944045215845108
0.08518228679895401
0.08316659182310104
0.08309214562177658
0.0826852098107338
0.08407925814390182
0.08346522599458694
0.08211515098810196
0.08016596734523773
0.08574869483709335
0.08375443518161774
0.08275245875120163
0.07918005436658859
0.0812283456325531
0.08314934372901917
0.08276070654392242
0.08144769817590714
0.08288276940584183
0.08004769682884216
0.08030952513217926
0.08571555465459824
0.08004137873649597
0.08172743022441864
0.08557364344596863
0.08334799110889435
0.07974398881196976
0.08043915033340454
0.08547037094831467
0.08158193528652191
0.08252440392971039
0.08106864243745804
0.07937201857566833
0.08450169861316681
0.08332553505897522
0.08085455745458603
0.08166012167930603
0.0806780532002449
0.08449264615774155
0.08043234795331955
0.07994411140680313
0.08278894424438477
0.0828007310628891
0.08463151007890701
0.08321592211723328
0.08341408520936966
0.08047172427177429
0.07985074818134308
0.0814434140920639
0.08322446048259735
0.08435630798339844
0.08632585406303406
0.08305183053016663
0.07905631512403488
0.082928866147995
0.07784491777420044
0.08390960842370987
0.07932354509830475
0.07957333326339722
0.08443274348974228
0.0819050669670105
0.08146149665117264
0.0823545902967453
0.07862811535596848
0.08124914020299911
0.0824260413646698
0.08105716854333878
0.07952442020177841
0.08123671263456345
0.0818217471241951
0.08387286216020584
0.08088138699531555
0.08560782670974731
0.0819140374660492
0.08281810581684113
0.08316349238157272
0.0805988758802414
0.08254588395357132
0.08216650038957596
0.08228189498186111
0.08323720097541809
0.08302543312311172
0.0792836844921112
0.07926608622074127
0.07982676476240158
0.08245351910591125
0.08036799728870392
0.08383791148662567
0.07724439352750778
0.08086983859539032
0.0850272849202156
0.08193762600421906
0.07975608110427856
0.08231101930141449
0.0823495164513588
0.07876831293106079
0.08255096524953842
0.08421558141708374
0.07987445592880249
0.07924720644950867
0.08059230446815491
0.08250715583562851
0.08629656583070755
0.07951588928699493
0.08438652008771896
0.0812474936246872
0.08291789144277573
0.0814405232667923
0.08240184932947159
0.08339657634496689
0.07947693765163422
0.08299167454242706
0.08185926079750061
0.08145331591367722
0.0811675488948822
0.08172618597745895
0.0790720209479332
0.08586450666189194
0.08201198279857635
0.08410856872797012
0.08318322151899338
0.0855359137058258
0.08193621039390564
0.08080065995454788
0.08440566807985306
0.08483119308948517
0.0826774537563324
0.0822710394859314
0.08117840439081192
0.0798097550868988
0.08327433466911316
0.07930044829845428
0.08264502882957458
0.0807742103934288
0.08096439391374588
0.07801339775323868
0.08075306564569473
0.0796426311135292
0.08007513731718063
0.08427975326776505
0.083602674305439
0.0840461477637291
0.0830959901213646
0.08712785691022873
0.08152198046445847
0.08104685693979263
0.08512943238019943
0.0820101946592331
0.07854780554771423
0.08311270922422409
0.08118553459644318
0.08096014708280563
0.08006490767002106
0.08613866567611694
0.08389713615179062
0.08342282474040985
0.08164343982934952
0.0790478065609932
0.07921139150857925
0.08046994358301163
0.0811605378985405
0.07888627797365189
0.08125914633274078
0.08286397159099579
0.08021488040685654
0.07999798655509949
0.07803262025117874
0.08163169771432877
0.08625069260597229
0.08078673481941223
0.08195482939481735
0.08252228051424026
0.08490844815969467
0.08240439742803574
0.08099184185266495
0.08522157371044159
0.08103656768798828
0.08030768483877182
0.08149177581071854
0.07784794270992279
0.07950668036937714
0.0814627930521965
0.08449400216341019
0.08276902884244919
0.0773128941655159
0.08252610266208649
0.08498140424489975
0.08303208649158478
0.07928194850683212
0.08103237301111221
0.08241571485996246
0.07804828882217407
0.08194532990455627
0.08351133018732071
0.08256424218416214
0.0856829285621643
0.08396907895803452
0.08233503997325897
0.08355524390935898
0.08672725409269333
0.08239047974348068
0.08207906037569046
0.08083809912204742
0.08215019106864929
0.08433543890714645
0.08326813578605652
0.07930026203393936
0.0836290717124939
0.08552077412605286
0.08078694343566895
0.08426403254270554
0.08017856627702713
0.08439284563064575
0.0869479551911354
0.07986290752887726
0.0790494829416275
0.07995221018791199
0.08253292739391327
0.08460526168346405
0.07825130224227905
0.08483515679836273
0.08494487404823303
0.08010359853506088
0.0834173858165741
0.08176680654287338
0.08366488665342331
0.08481712639331818
0.08291003853082657
0.0839373841881752
0.08436263352632523
0.08400604128837585
0.08446638286113739
0.08507595956325531
0.08131688088178635
0.08309271186590195
0.08251803368330002
0.08161777257919312
0.08375073224306107
0.08388832211494446
0.08382610231637955
0.08391725271940231
0.0799270048737526
0.08707115054130554
0.07961282879114151
0.08505702018737793
0.08435837924480438
0.08025506883859634
0.07998629659414291
0.08205246925354004
0.08525926619768143
0.08347746729850769
0.08251337707042694
0.08226833492517471
0.07712370157241821
0.08258164674043655
0.07853987067937851
0.07934845238924026
0.08298070728778839
0.07896941155195236
0.07960536330938339
0.08244998008012772
0.08228059113025665
0.08184656500816345
0.0794157013297081
0.08043184876441956
0.07970092445611954
0.08347803354263306
0.08128684759140015
0.08233281224966049
0.08159161359071732
0.08492005616426468
0.08279067277908325
0.08100475370883942
0.08275394141674042
0.08149351179599762
0.08222927898168564
0.08189749717712402
0.08042021840810776
0.08093063533306122
0.08380825072526932
0.0801985040307045
0.08010684698820114
0.0824621170759201
0.08233921229839325
0.08313179016113281
0.07944867014884949
0.08065413683652878
0.08302950114011765
0.08396098762750626
0.08003037422895432
0.08351919800043106
0.0830385610461235
0.08077584207057953
0.08347539603710175
0.08024655282497406
0.08016014844179153
0.08326496183872223
0.08341129124164581
0.0817507803440094
0.08497720956802368
0.08252600580453873
0.08195288479328156
0.08353275060653687
0.0843389630317688
0.08124323934316635
0.0843975618481636
0.08459362387657166
0.08452603965997696
0.08668531477451324
0.08360181748867035
0.08106321096420288
0.08114688843488693
0.08111000061035156
0.08625983446836472
0.0828121155500412
0.08371083438396454
0.08396323025226593
0.0838463306427002
0.08419331908226013
0.08285000175237656
0.08279646188020706
0.08186033368110657
0.08158495277166367
0.08357065171003342
0.08584035187959671
0.08037512749433517
0.08208801597356796
0.08102622628211975
0.08149164915084839
0.08014147728681564
0.08295919746160507
0.08149877190589905
0.08356551080942154
0.08455664664506912
0.08371812850236893
0.07929294556379318
0.07915815711021423
0.08187521249055862
0.08214471489191055
0.0814482718706131
0.0812186449766159
0.08126892149448395
0.07958418875932693
0.0827018991112709
0.08093434572219849
0.0782095342874527
0.08266133069992065
0.07951992005109787
0.08199013769626617
0.08111382275819778
0.0827578604221344
0.08296387642621994
0.08484373241662979
0.08108025789260864
0.08319705724716187
0.08225595206022263
0.08197346329689026
0.08452048897743225
0.08524701744318008
0.08180506527423859
0.08110212534666061
0.08233228325843811
0.08196530491113663
0.08187764137983322
0.0832662358880043
0.08172988891601562
0.0823412537574768
0.08160048723220825
0.08273410052061081
0.08411071449518204
0.08108184486627579
0.08629348874092102
0.08565564453601837
0.08228350430727005
0.08658521622419357
0.08317841589450836
0.08097651600837708
0.07931339740753174
0.08142250776290894
0.08330413699150085
0.08106724917888641
0.08418478071689606
0.08034110069274902
0.08089916408061981
0.07928680628538132
0.08125990629196167
0.08190617710351944
0.07990830391645432
0.08106968551874161
0.08368237316608429
0.08113192766904831
0.08065826445817947
0.08347673714160919
0.07880397140979767
0.08054439723491669
0.08341629058122635
0.08090769499540329
0.07877504825592041
0.08098040521144867
0.08414575457572937
0.08132115006446838
0.08381479978561401
0.08064089715480804
0.08375158160924911
0.08155672997236252
0.0820673406124115
0.08169009536504745
0.07930911332368851
0.08199047297239304
0.08482512831687927
0.07882355898618698
0.07891722023487091
0.08269567787647247
0.08168703317642212
0.08598771691322327
0.0831599310040474
0.08112525194883347
0.08318281918764114
0.08160191774368286
0.08016397804021835
0.08245307952165604
0.07788677513599396
0.08111067116260529
0.07796245813369751
0.08127305656671524
0.08183066546916962
0.08018582314252853
0.0847606360912323
0.08276373893022537
0.08324183523654938
0.08215977996587753
0.08093268424272537
0.08036503940820694
0.08256381750106812
0.08341877907514572
0.07928343117237091
0.08249861001968384
0.08012408018112183
0.08032142370939255
0.0820075124502182
0.0853867158293724
0.08532248437404633
0.08201870322227478
0.08107093721628189
0.08340983092784882
0.08336105197668076
0.08264477550983429
0.08205679059028625
0.08348290622234344
0.08308782428503036
0.07748739421367645
0.08106327801942825
0.08678524941205978
0.08743428438901901
0.08184820413589478
0.07991804927587509
0.08226005733013153
0.086263507604599
0.08230280131101608
0.08372655510902405
0.08495212346315384
0.08123333007097244
0.08624293655157089
0.08119386434555054
0.08498188108205795
0.08367758989334106
0.0824226588010788
0.08292432129383087
0.08320720493793488
0.08412956446409225
0.08295165747404099
0.08024870604276657
0.08013670146465302
0.08444001525640488
0.0804818645119667
0.08323843032121658
0.08260148018598557
0.08111722767353058
0.0813947468996048
0.07750158756971359
0.08155873417854309
0.08012229949235916
0.08037927001714706
0.08895393460988998
0.07988643646240234
0.08109457045793533
0.08053217828273773
0.08281176537275314
0.08758397400379181
0.08145305514335632
0.08397537469863892
0.08289065957069397
0.08325843513011932
0.08369778841733932
0.08219517022371292
0.08331981301307678
0.08061535656452179
0.0785134807229042
0.08166371285915375
0.08176040649414062
0.08323471248149872
0.08287809044122696
0.0805434137582779
0.08171650022268295
0.08293209969997406
0.08397167921066284
0.08078035712242126
0.08048354089260101
0.08185330033302307
0.08276621997356415
0.0807943046092987
0.08129359036684036
0.08290349692106247
0.08267517387866974
0.08588021993637085
0.08362478017807007
0.08250056952238083
0.0821942538022995
0.08203981071710587
0.08209312707185745
0.08252368122339249
0.08469848334789276
0.08163279294967651
0.07950625568628311
0.07899083197116852
0.0803421214222908
0.08370594680309296
0.08497012406587601
0.08581720292568207
0.08152937889099121
0.08117488026618958
0.0843493863940239
0.08012843132019043
0.08701339364051819
0.08482827246189117
0.08622173219919205
0.07812626659870148
0.08352033793926239
0.08382143825292587
0.08296971023082733
0.08148445934057236
0.08122777193784714
0.08107327669858932
0.08300059288740158
0.08408908545970917
0.08159994333982468
0.07821439951658249
0.08387214690446854
0.08161585032939911
0.07965418696403503
0.08321904391050339
0.0827966183423996
0.08194910734891891
0.07939804345369339
0.08193080127239227
0.0821545422077179
0.08173325657844543
0.08232120424509048
0.08251206576824188
0.08400052785873413
0.08309624344110489
0.08216609060764313
0.08375580608844757
0.08302924782037735
0.08409133553504944
0.08406985551118851
0.08363328874111176
0.08266913145780563
0.07983122020959854
0.08510381728410721
0.0835002064704895
0.07880887389183044
0.084319107234478
0.07689590752124786
0.0829223096370697
0.0783742219209671
0.08000098913908005
0.08131818473339081
0.08291204273700714
0.07877137511968613
0.08492380380630493
0.07852214574813843
0.08236264437437057
0.08353137969970703
0.08454056829214096
0.08294548094272614
0.08335644006729126
0.08281581848859787
0.08474846929311752
0.08154287934303284
0.07813220471143723
0.08291734755039215
0.08309425413608551
0.07974395155906677
0.08527301996946335
0.08434627205133438
0.083290234208107
0.08119487762451172
0.08415789902210236
0.07934841513633728
0.08024993538856506
0.08274964988231659
0.07966688275337219
0.08122995495796204
0.08261427283287048
0.08105506747961044
0.08081726729869843
0.08348251134157181
0.08538880199193954
0.08519483357667923
0.08383999764919281
0.08370361477136612
0.08589032292366028
0.0806809738278389
0.08122092485427856
0.08260796219110489
0.08466866612434387
0.08166780322790146
0.07992228865623474
0.08450396358966827
0.08453106880187988
0.08312435448169708
0.08203776180744171
0.0850575864315033
0.0833149328827858
0.08125901222229004
0.08101636171340942
0.07718762010335922
0.08168070763349533
0.08228165656328201
0.08441589027643204
0.08389794081449509
0.08010968565940857
0.08526710420846939
0.08161737769842148
0.0807570070028305
0.08194821327924728
0.08534885197877884
0.08281116187572479
0.08380686491727829
0.08411948382854462
0.08322411775588989
0.085254967212677
0.08209068328142166
0.08195316046476364
0.08179159462451935
0.08448973298072815
0.08243812620639801
0.08367859572172165
0.07991142570972443
0.08096978068351746
0.08343622833490372
0.08076724410057068
0.08244920521974564
0.08320146799087524
0.08439157158136368
0.0832434669137001
0.08147391676902771
0.081780806183815
0.08192918449640274
0.08299066871404648
0.08053821325302124
0.08017777651548386
0.07870963215827942
0.08175171911716461
0.08630501478910446
0.07960307598114014
0.08164960891008377
0.08373477309942245
0.07900748401880264
0.07897821068763733
0.08396758884191513
0.08342117071151733
0.08011409640312195
0.08439650386571884
0.08425252884626389
0.08374398201704025
0.08209946006536484
0.08378996700048447
0.08659131079912186
0.08065911382436752
0.08094345033168793
0.08222982287406921
0.08279971033334732
0.08119206130504608
0.08450481295585632
0.07985265552997589
0.08211363852024078
0.08169525116682053
0.07760874181985855
0.08105376362800598
0.08543965220451355
0.08255652338266373
0.0849485844373703
0.08354215323925018
0.08102186024188995
0.0816570371389389
0.08288398385047913
0.08473610877990723
0.08150699734687805
0.08421371132135391
0.08185885101556778
0.08007009327411652
0.08145678788423538
0.08238782733678818
0.07995579391717911
0.08206558972597122
0.08119700103998184
0.08216111361980438
0.07846838235855103
0.07888608425855637
0.07893170416355133
0.08220743387937546
0.08158878237009048
0.0819266065955162
0.08591792732477188
0.08550000190734863
0.08040520548820496
0.08253251761198044
0.08053523302078247
0.08212663978338242
0.08377939462661743
0.08170971274375916
0.08065822720527649
0.0837695300579071
0.08251582086086273
0.0821581780910492
0.08208820968866348
0.08382298797369003
0.08182589709758759
0.08150134235620499
0.08497647196054459
0.08222617208957672
0.0839628204703331
0.0792955756187439
0.08402326703071594
0.07904218882322311
0.08220791816711426
0.08129628002643585
0.08124542236328125
0.08170545846223831
0.08405597507953644
0.07755402475595474
0.08428266644477844
0.08224841952323914
0.08268209546804428
0.07848894596099854
0.08268152177333832
0.08448739349842072
0.08386798948049545
0.08126398175954819
0.08439456671476364
0.08336017280817032
0.07993029057979584
0.08480115234851837
0.08672379702329636
0.08438515663146973
0.08367806673049927
0.08077497780323029
0.08744785934686661
0.08569808304309845
0.08086220920085907
0.08468002080917358
0.08080043643712997
0.08003357797861099
0.0856722742319107
0.08381762355566025
0.08305896073579788
0.08339902758598328
0.08369186520576477
0.08334613591432571
0.08247687667608261
0.08279966562986374
0.08217735588550568
0.08059314638376236
0.07825221866369247
0.07887070626020432
0.08477772772312164
0.08280216157436371
0.08412694185972214
0.07922998070716858
0.08197512477636337
0.07994722574949265
0.08171337097883224
0.0821731761097908
0.08169589936733246
0.08346150070428848
0.08202459663152695
0.08311866968870163
0.08121215552091599
0.07922161370515823
0.0828813835978508
0.08201060444116592
0.08229878544807434
0.08183391392230988
0.07960428297519684
0.08478623628616333
0.07902226597070694
0.08341928571462631
0.08161500096321106
0.07835831493139267
0.08212846517562866
0.08286292105913162
0.08568011224269867
0.08119282126426697
0.08485814929008484
0.0808647945523262
0.07644829899072647
0.08149122446775436
0.07872571796178818
0.08433736115694046
0.08206820487976074
0.08247607201337814
0.07950872927904129
0.08134927600622177
0.08236568421125412
0.08182339370250702
0.08811070770025253
0.08147473633289337
0.08210070431232452
0.07999257743358612
0.07893392443656921
0.08283175528049469
0.08005829900503159
0.08099276572465897
0.08054011315107346
0.08270158618688583
0.08334478735923767
0.08348815888166428
0.08469231426715851
0.08103717118501663
0.083323173224926
0.08465016633272171
0.08232621848583221
0.08432433754205704
0.08223897963762283
0.08113095164299011
0.08068360388278961
0.0807274654507637
0.08224721252918243
0.07781385630369186
0.08273587375879288
0.08443012088537216
0.08334000408649445
0.07955455034971237
0.08291969448328018
0.08030533045530319
0.08314425498247147
0.08322031795978546
0.08085937798023224
0.08163714408874512
0.08186516910791397
0.08197793364524841
0.08039551973342896
0.08262811601161957
0.08338775485754013
0.08172475546598434
0.08106629550457001
0.08240426331758499
0.08371952921152115
0.08488644659519196
0.07996255904436111
0.07880036532878876
0.08098898828029633
0.08257556706666946
0.08342882245779037
0.0775115042924881
0.08257732540369034
0.08134559541940689
0.08552858978509903
0.08095944672822952
0.08267364650964737
0.08238326758146286
0.08028735965490341
0.08177327364683151
0.07726670056581497
0.08081863075494766
0.08039923012256622
0.0803438276052475
0.08578992635011673
0.08051419258117676
0.08564931154251099
0.0829019770026207
0.08218510448932648
0.08308785408735275
0.08156362175941467
0.08437838405370712
0.08145932853221893
0.08264367282390594
0.08233724534511566