0.006774227134883404
0.00665965536609292
0.006330504547804594
0.004761244170367718
0.003866010345518589
0.0035732772666960955
0.003569054650142789
0.0034349006600677967
0.0034003073815256357
0.003106328658759594
0.0032448836136609316
0.003068354446440935
0.0029736519791185856
0.0029093667399138212
0.0029243617318570614
0.0029183225706219673
0.0028169648721814156
0.002941136946901679
0.0029963639099150896
0.0028280378319323063
0.002805361058562994
0.002756539499387145
0.0027594929561018944
0.0028178784996271133
0.002696218201890588
0.002771829254925251
0.002766474150121212
0.002721959725022316
0.00257618329487741
0.0027199992910027504
0.0026317823212593794
0.0026506194844841957
0.002636441495269537
0.002675265073776245
0.0027160155586898327
0.0026256057899445295
0.0026909122243523598
0.0027332978788763285
0.0025943322107195854
0.0025882930494844913
0.002506169956177473
0.0025174543261528015
0.0025157558266073465
0.0025305738672614098
0.002625565743073821
0.002493061823770404
0.002552023623138666
0.0024873516522347927
0.002539984881877899
0.00252799061127007
0.0025400356389582157
0.002419086406007409
0.0024983109906315804
0.002459442475810647
0.002479582093656063
0.002443301258608699
0.002309389179572463
0.002536254934966564
0.002487555146217346
0.0023300203029066324
0.0024823250714689493
0.0025595754850655794
0.002409976674243808
0.0023613700177520514
0.0024156051222234964
0.0024766838178038597
0.002332048723474145
0.0024970604572445154
0.0023891099262982607
0.002389257773756981
0.0024183907080441713
0.002395705319941044
0.002393638715147972
0.0023544179275631905
0.002381516620516777
0.002313850913196802
0.002374375006183982
0.002388980472460389
0.002339665312319994
0.002327893627807498
0.0023546633310616016
0.002336699515581131
0.0023330808617174625
0.0023236707784235477
0.0023496889043599367
0.0023148281034082174
0.002342591527849436
0.00230735307559371
0.0022430128883570433
0.0022776464466005564
0.0023405931424349546
0.0023719132877886295
0.0023172935470938683
0.0022552728187292814
0.0023171689826995134
0.0022850148379802704
0.0022819205187261105
0.002254847902804613
0.002341250889003277
0.002277850639075041
0.002395410556346178
0.0023485971614718437
0.0023299059830605984
0.002417339477688074
0.002301255241036415
0.002324081491678953
0.002374076284468174
0.0022621522657573223
0.002281219931319356
0.0022930039558559656
0.0023361570201814175
0.00223715603351593
0.0022111430298537016
0.0022599573712795973
0.002110339468345046
0.0021926912013441324
0.0022570579312741756
0.002265511779114604
0.0021989475935697556
0.002311011776328087
0.0022053681313991547
0.0021815518848598003
0.0021982211619615555
0.0022790906950831413
0.0022439591120928526
0.002294427715241909
0.002157198265194893
0.0022295897360891104
0.0022923953365534544
0.0021906145848333836
0.002267060801386833
0.0021967997308820486
0.002201593015342951
0.0022737584076821804
0.00216390797868371
0.0021097594872117043
0.0022507745306938887
0.002180721377953887
0.0022225717548280954
0.002244751900434494
0.002151364227756858
0.0021184443030506372
0.0021749157458543777
0.0021889139898121357
0.002124582417309284
0.0021931990049779415
0.00217071152292192
0.0023068576119840145
0.002231143182143569
0.0021514713298529387
0.0022030144464224577
0.002189888386055827
0.002081469399854541
0.0021745027042925358
0.0022249212488532066
0.002219956601038575
0.0021351403556764126
0.002242098795250058
0.0020871872548013926
0.002171141095459461
0.0021316122729331255
0.002118104137480259
0.002130183158442378
0.002142618875950575
0.0021381715778261423
0.002141481963917613
0.002193656051531434
0.0020865262486040592
0.002188780577853322
0.0021140542812645435
0.0021372109185904264
0.002153257839381695
0.0020936012733727694
0.0021188384853303432
0.0021334944758564234
0.0021421799901872873
0.0021055187098681927
0.00206981529481709
0.0021340392995625734
0.00208867434412241
0.002065578242763877
0.0021612299606204033
0.0021603924687951803
0.002070770598948002
0.0020551555790007114
0.0021609473042190075
0.002208950463682413
0.0021541316527873278
0.00207837694324553
0.002221545670181513
0.0020600175485014915
0.002105132909491658
0.0021477078553289175
0.0021349810995161533
0.0021707662381231785
0.0021272008307278156
0.002035606885328889
0.0020823238883167505
0.00213065417483449
0.0022254546638578176
0.0021452598739415407
0.00209444179199636
0.00208158977329731
0.00210427469573915
0.0021446573082357645
0.0021283517125993967
0.0020990008488297462
0.002155137713998556
0.0020408746786415577
0.0020543565042316914
0.002105438383296132
0.002059070859104395
0.0020623088348656893
0.002006567781791091
0.002098711673170328
0.0021762829273939133
0.0020141093991696835
0.0020656229462474585
0.0020296790171414614
0.0020529956091195345
0.0021316693164408207
0.0021013703662902117
0.0020923318807035685
0.0021293656900525093
0.002154543297365308
0.0021397315431386232
0.0019890470430254936
0.0020862100645899773
0.0021064551547169685
0.00209650956094265
0.0021152407862246037
0.0020294473506510258
0.002097798977047205
0.002156270435079932
0.002065468579530716
0.002057200763374567
0.0021624048240482807
0.00204632175154984
0.002103321021422744
0.0020757666788995266
0.0020395161118358374
0.00206010602414608
0.002063254825770855
0.002038176404312253
0.0020051198080182076
0.0020661347080022097
0.0020443005487322807
0.002099869539961219
0.0019410790409892797
0.0020686720963567495
0.002078369492664933
0.002100563608109951
0.0020200011786073446
0.0020656620617955923
0.002109368797391653
0.0019927900284528732
0.0021736235357820988
0.0021586213260889053
0.0020933751948177814
0.002055747900158167
0.002115993993356824
0.002151855267584324
0.0021153967827558517
0.001968665048480034
0.0020591116044670343
0.002093391725793481
0.002096272073686123
0.002064016181975603
0.0019895462319254875
0.0020142875146120787
0.0020991750061511993
0.002028406597673893
0.0020563823636621237
0.002067325636744499
0.0020409629214555025
0.0020548792090266943
0.0020940976683050394
0.0020502046681940556
0.0020148695912212133
0.0020371088758111
0.0019995870534330606
0.0020904310513287783
0.001951735932379961
0.001950587728060782
0.002060612663626671
0.0020232677925378084
0.002048070775344968
0.001968828961253166
0.002014285884797573
0.0020679805893450975
0.001982038374990225
0.0020219457801431417
0.002108540153130889
0.001994300400838256
0.0019966717809438705
0.0020041305106133223
0.002060830593109131
0.00197003991343081
0.002077812561765313
0.0019841743633151054
0.0019581054802984
0.002049834933131933
0.0020169084891676903
0.00205946434289217
0.0020506002474576235
0.0020282834302634
0.0019202881958335638
0.002105286344885826
0.0020290894899517298
0.001973960315808654
0.002052716678008437
0.0020308028906583786
0.002021756023168564
0.0019821524620056152
0.0019547187257558107
0.002024316228926182
0.002047951566055417
0.0019712953362613916
0.002084937412291765
0.0020691317040473223
0.0020111792255192995
0.0020492849871516228
0.0020833266898989677
0.0019355042604729533
0.002099551260471344
0.0019831499084830284
0.0020563737489283085
0.0020621090661734343
0.002046783920377493
0.002007129369303584
0.0020213155075907707
0.0020045835990458727
0.0019655900541692972
0.002005951479077339
0.0021171465050429106
0.0019282337743788958
0.0020306359510868788
0.0020573942456394434
0.0019972589798271656
0.002020768355578184
0.002076243981719017
0.00204975763335824
0.0020777611061930656
0.001948020770214498
0.0019992287270724773
0.0019793009851127863
0.0019844681955873966
0.002043053274974227
0.0020337526220828295
0.001976647647097707
0.0020681465975940228
0.0020376176107674837
0.002063748426735401
0.002001679502427578
0.0019472602289170027
0.001974834594875574
0.001972835510969162
0.0019762227311730385
0.0020369654521346092
0.001933596096932888
0.001994691090658307
0.001968187279999256
0.0018754996126517653
0.001931928563863039
0.0020066716242581606
0.0019351431401446462
0.002006374066695571
0.0019589087460190058
0.001950046163983643
0.001910509425215423
0.0020064651034772396
0.0019825464114546776
0.0019181750249117613
0.0019254263024777174
0.002023776527494192
0.002018735744059086
0.0021470605861395597
0.0020255912095308304
0.0020163925364613533
0.001979588298127055
0.001997670391574502
0.0019954920280724764
0.001969428500160575
0.0019903748761862516
0.0019615008495748043
0.0020262186881154776
0.001998940482735634
0.001981880748644471
0.001974287908524275
0.0020252384711056948
0.0019943593069911003
0.001965181902050972
0.0019713914953172207
0.002005620626732707
0.0019291331991553307
0.0019396936986595392
0.0020034448243677616
0.0020943530835211277
0.002019336447119713
0.001990720396861434
0.001990340882912278
0.002010682364925742
0.0019647767767310143
0.001998783089220524
0.002016803016886115
0.0019815643317997456
0.0019634610507637262
0.001965074334293604
0.001932768034748733
0.0019920384511351585
0.0020915817003697157
0.0019250879995524883
0.00202194950543344
0.0019498446490615606
0.0019183524418622255
0.001956535503268242
0.002028389135375619
0.0019426437793299556
0.0019629064481705427
0.002022675471380353
0.001997597748413682
0.0020460737869143486
0.0019626636058092117
0.001961686182767153
0.001989807700738311
0.001976106781512499
0.0019656948279589415
0.0019975965842604637
0.001979013904929161
0.001972497208043933
0.0019809778314083815
0.0018825845327228308
0.0020491203758865595
0.0019611879251897335
0.0019828854128718376
0.00191183527931571
0.002024011453613639
0.0020082436967641115
0.0019193284679204226
0.001982499146834016
0.0019961425568908453
0.0019432163098827004
0.001967763062566519
0.0018413909710943699
0.001974828075617552
0.002072024391964078
0.0019476902671158314
0.0019265803275629878
0.0019091385183855891
0.0020013435278087854
0.0019078189507126808
0.001934946165420115
0.0019387257052585483
0.00192240288015455
0.002040455350652337
0.0020159140694886446
0.0018706119153648615
0.0019397572614252567
0.0020108558237552643
0.00195918045938015
0.0019463419448584318
0.002019898034632206
0.0019631898030638695
0.0018835710361599922
0.0018672295846045017
0.0018436460522934794
0.0019423306221142411
0.0019889771938323975
0.0019105947576463223
0.0018964223563671112
0.00189245177898556
0.001979890977963805
0.0018578630406409502
0.0019632652401924133
0.0020137629471719265
0.0018770038150250912
0.001957083586603403
0.0019876305013895035
0.0019798632711172104
0.0019660871475934982
0.001902978983707726
0.0019623348489403725
0.0018860041163861752
0.0019104575039818883
0.001955668441951275
0.0019151500891894102
0.002008843934163451
0.0019227855373173952
0.0019571492448449135
0.0018790423637256026
0.0019217422232031822
0.001857791212387383
0.0018882910953834653
0.001915262546390295
0.0019851597025990486
0.0019155198242515326
0.0018928184872493148
0.001965320436283946
0.00189657520968467
0.0019643078558146954
0.0019910677801817656
0.001965316478163004
0.00197517778724432
0.0019081351347267628
0.0018897291738539934
0.0019813880790024996
0.0019230757607147098
0.0018418841063976288
0.0019283624133095145
0.001901046372950077
0.001967447344213724
0.001898953807540238
0.001884158351458609
0.0018931841477751732
0.001953673781827092
0.0019187352154403925
0.001962804002687335
0.0019131035078316927
0.0019410416716709733
0.0018958615837618709
0.0018813322531059384
0.0019047340610995889
0.0019846598152071238
0.001920252456329763
0.0019009953830391169
0.001911782193928957
0.00197604694403708
0.0019901630003005266
0.0019201060058549047
0.0018829095643013716
0.001935626962222159
0.0018570683896541595
0.0019185271812602878
0.0019127818522974849
0.0018939097644761205
0.0019434376154094934
0.0019068921683356166
0.0019250776385888457
0.0019661705009639263
0.0018826192244887352
0.001892298343591392
0.001861864235252142
0.001963124144822359
0.0018558860756456852
0.0019554835744202137
0.001942015835084021
0.0018906333716586232
0.0019349848153069615
0.0019350502407178283
0.0019872526172548532
0.0019002592889592052
0.0019329909700900316
0.0019549583084881306
0.0018688420532271266
0.0019070238340646029
0.001882478129118681
0.0019461752381175756
0.0019487610552459955
0.001912537612952292
0.0018953665858134627
0.001949709258042276
0.0019774099346250296
0.0018956941785290837
0.0018937545828521252
0.0018498975550755858
0.0020217851269990206
0.0018827089807018638
0.0017996623646467924
0.0019356338307261467
0.0019201444229111075
0.001910702558234334
0.001921590301208198
0.0019678010139614344
0.0019038792233914137
0.001953266328200698
0.0019172191387042403
0.0019548090640455484
0.0018926237244158983
0.0018803754355758429
0.001891439314931631
0.0018781720427796245
0.001927482895553112
0.001984821166843176
0.0019199702655896544
0.001985212555155158
0.001974616665393114
0.0019698506221175194
0.0019247708842158318
0.0019019348546862602
0.0018572797998785973
0.0018587741069495678
0.0019105576211586595
0.0018546427600085735
0.0018919887952506542
0.0018610239494591951
0.0019447915256023407
0.0018830921035259962
0.0020280275493860245
0.001960001653060317
0.0018725207773968577
0.0019115422619506717
0.001894385670311749
0.0018694918835535645
0.0018902368610724807
0.0019629821181297302
0.001925189746543765
0.0019236394437029958
0.001919928239658475
0.001943131210282445
0.0018133101984858513
0.0019797449931502342
0.0019605269189924
0.0019510136917233467
0.0019031530246138573
0.0019562477245926857
0.0018838453106582165
0.0018976068822667003
0.001971528632566333
0.0019390769302845001
0.0019246165174990892
0.0018170422408729792
0.0018884091405197978
0.0018048530910164118
0.0018615833250805736
0.0019768746569752693
0.0018864460289478302
0.0018770508468151093
0.001960722031071782
0.0018703443929553032
0.0019357295241206884
0.001902556512504816
0.0018261218210682273
0.0018225513631477952
0.0018788996385410428
0.001936841756105423
0.0018539662705734372
0.0019476966699585319
0.0019081278005614877
0.0018938060384243727
0.0019203093834221363
0.0018354333005845547
0.0018464373424649239
0.0018502010498195887
0.0019085018429905176
0.0019431321416050196
0.0019012151751667261
0.0018548390362411737
0.0018847575411200523
0.001812612870708108
0.0018390235491096973
0.0019169253064319491
0.0020179287530481815
0.0018972499528899789
0.0019227041630074382
0.0018831654451787472
0.001919304020702839
0.0018561843317002058
0.0019535403698682785
0.001905997982248664
0.0018661186331883073
0.0018414445221424103
0.0018872900400310755
0.0018988485680893064
0.0019153415923938155
0.0018932366510853171
0.0018622900824993849
0.0018814910436049104
0.0018856164533644915
0.0018622841453179717
0.0019506544340401888
0.0019459882751107216
0.001968307886272669
0.001904773060232401
0.0018496126867830753
0.0019089685520157218
0.0018784231506288052
0.0018439850537106395
0.001935486914590001
0.0019102352671325207
0.0018487325869500637
0.001962990267202258
0.0018660611240193248
0.0018310053274035454
0.0018662252696231008
0.0018771548056975007
0.001911782892420888
0.001890257466584444
0.0018584643257781863
0.0019094982417300344
0.001887042191810906
0.0018563487101346254
0.0019113444723188877
0.0018387975869700313
0.0019244712311774492
0.0018950521480292082
0.0018716745544224977
0.0019114597234874964
0.0019352770177647471
0.0018913601525127888
0.001878454932011664
0.0019197999499738216
0.0019242045236751437
0.00188791926484555
0.001894088345579803
0.0018812401685863733
0.0018500405130907893
0.0018800738034769893
0.0018234610324725509
0.0018946719355881214
0.0019058006582781672
0.001899395021609962
0.0018859028350561857
0.0018534117843955755
0.001860327087342739
0.0019174515036866069
0.0018550768727436662
0.001892103347927332
0.0018942317692562938
0.0018395462539047003
0.001870770938694477
0.001868837047368288
0.0018819503020495176
0.0019243017304688692
0.0019155251793563366
0.0018859568517655134
0.001886668847873807
0.0018357555381953716
0.001939206151291728
0.001945446478202939
0.0019026676891371608
0.0018838061951100826
0.0019194093765690923
0.0018219926860183477
0.0018591235857456923
0.001889058854430914
0.0019446887308731675
0.0018649628618732095
0.0018569235689938068
0.0019452389096841216
0.0018524783663451672
0.0018224561354145408
0.0018761130049824715
0.001874628709629178
0.001928049954585731
0.001975286053493619
0.0018389341421425343
0.001869438448920846
0.0018922383897006512
0.0018848046893253922
0.001847993116825819
0.0019135619513690472
0.0019275083905085921
0.0018931415397673845
0.001879479386843741
0.001861669821664691
0.0018578357994556427
0.0019077344331890345
0.001926620490849018
0.0019130063010379672
0.0018790729809552431
0.0018928179051727057
0.0018940569134429097
0.0017999002011492848
0.001912299427203834
0.0018821291159838438
0.0018648088444024324
0.0018830341286957264
0.0018364177085459232
0.0018412203062325716
0.001928327837958932
0.001842099241912365
0.0018870796775445342
0.0019129904685541987
0.001807435997761786
0.001856343005783856
0.0019186484860256314
0.0018186393426731229
0.001871377811767161
0.0019222456030547619
0.0018721423111855984
0.0019305538153275847
0.0019593227189034224
0.0018353445921093225
0.0019051923882216215
0.001821072306483984
0.0019077189499512315
0.0017982935532927513
0.0018874681554734707
0.001817313488572836
0.0018762574763968587
0.0018115189159289002
0.0019204366253688931
0.0019570423755794764
0.0018592305714264512
0.00190588494297117
0.0018612160347402096
0.0018035161774605513
0.0017791722202673554
0.0018992930417880416
0.0018423550063744187
0.0017770910635590553
0.0018571977270767093
0.0018693981692194939
0.0018759043887257576
0.0018863258883357048
0.0018881115829572082
0.001781698432751
0.0019021900370717049
0.0018379144603386521
0.0018918161513283849
0.0019139060750603676
0.0019197699148207903
0.0018767236033454537
0.0018643110524863005
0.0018162010237574577
0.0018132705008611083
0.0018440462881699204
0.0018810047768056393
0.001811112160794437
0.0018679333152249455
0.0018426915630698204
0.00183393363840878
0.001892993925139308
0.001844362122938037
0.0018664306262508035
0.0019521336071193218
0.0018389633623883128
0.0019200637470930815
0.0018560338066890836
0.0018631186103448272
0.0018098442815244198
0.0018985267961397767
0.0018844478763639927
0.0018572895787656307
0.0018625798402354121
0.0019345235778018832
0.0018695626640692353
0.0018292984459549189
0.0018298816867172718
0.0018597980961203575
0.0018954083789139986
0.001844127313233912
0.0018093996914103627
0.0019970203284174204
0.0019231120822951198
0.0018712100572884083
0.0019122733501717448
0.0018709811847656965
0.0019261811394244432
0.0018322743708267808
0.0018023449229076505
0.0018528456566855311
0.0018109364900738
0.0018761046230793
0.0017878584330901504
0.0018856269307434559
0.001839967560954392
0.0019522174261510372
0.001829630578868091
0.0018661116482689977
0.0018494502874091268
0.0019127659033983946
0.0018124206690117717
0.0018686039838939905
0.0018319867085665464
0.0018516512354835868
0.001848946325480938
0.0018173056887462735
0.0018842280842363834
0.00184524804353714
0.0018518657889217138
0.001824264065362513
0.001828631735406816
0.0018124544294551015
0.0018873326480388641
0.0018815100193023682
0.0018594148568809032
0.0018846294842660427
0.001858615898527205
0.0018288976280018687
0.0018535739509388804
0.0018712368328124285
0.001808826462365687
0.0019116614712402225
0.0018577425507828593
0.0018708363641053438
0.0019182257819920778
0.0018100449815392494
0.00185881566721946
0.0019373835530132055
0.0019445434445515275
0.00184264883864671
0.0018744711996987462
0.001808696542866528
0.0018601719057187438
0.0017975346418097615
0.0018430155469104648
0.0018091998063027859
0.0018411445198580623
0.0018304386176168919
0.001839045318774879
0.0018494129180908203
0.0020202728919684887
0.0018545440398156643
0.0018347096629440784
0.001788465422578156
0.0018154904246330261
0.0018666355172172189
0.0018022889271378517
0.0018900791183114052
0.0017934036441147327
0.00181831035297364
0.0018345639109611511
0.0019405341008678079
0.0018523936159908772
0.0017886748537421227
0.0018534671980887651
0.0018446098547428846
0.0018658682238310575
0.0018843315774574876
0.0018426126334816217
0.0018538548611104488
0.0019048363901674747
0.0018569320673123002
0.0018532413523644209
0.0019492491846904159
0.0019233057973906398
0.0018566703656688333
0.0019343867897987366
0.001806574291549623
0.0018576105358079076
0.0017873825272545218
0.001835501054301858
0.00186394271440804
0.0018635366577655077
0.0017358098411932588
0.001792278722859919
0.0018694964237511158
0.001905697863548994
0.0017936673248186707
0.0018973982660099864
0.0018333233892917633
0.0019037447636947036
0.0019502597860991955
0.0018819718388840556
0.0017652260139584541
0.0018513230606913567
0.0018674294697120786
0.0018896838882938027
0.0018041181610897183
0.001778420526534319
0.0018721638480201364
0.0019019678002223372
0.0018726532580330968
0.001869695377536118
0.0018451474606990814
0.001814167364500463
0.001889015780761838
0.001802020356990397
0.0018558729207143188
0.001862912904471159
0.0018590674735605717
0.0017936265794560313
0.00183349649887532
0.0018432101933285594
0.0019113356247544289
0.0018453407101333141
0.0018664081580936909
0.0019129636930301785
0.0017701989272609353
0.0018606778467074037
0.0018869929481297731
0.0018785394495353103
0.0018239456694573164
0.0018907993799075484
0.0018020435236394405
0.001913102576509118
0.001850087195634842
0.0017887892900034785
0.0018740093801170588
0.0018856849055737257
0.0018637189641594887
0.0018081468297168612
0.0018286544363945723
0.0018476898549124599
0.0018094878178089857
0.0019380960147827864
0.001876097172498703
0.0017808815464377403
0.001882939599454403
0.001864649704657495
0.0018993617268279195
0.0018712658202275634
0.0018006718019023538
0.0017303472850471735
0.001893827342428267
0.0018302735406905413
0.0018305991543456912
0.0018688180716708302
0.001831064117141068
0.001878709765151143
0.0018761446699500084
0.0018692627782002091
0.001816231058910489
0.0018595741130411625
0.001883209333755076
0.0018677680054679513
0.0019699404947459698
0.0018311671447008848
0.0018360631074756384
0.00178429763764143
0.0018029495840892196
0.0018703361274674535
0.0018304125405848026
0.0018364760326221585
0.0018304884433746338
0.0018288487335667014
0.0018767305882647634
0.0019123773090541363
0.0018269210122525692
0.0019861359614878893
0.0018442815635353327
0.0018706517294049263
0.0018141482723876834
0.0018560232128947973
0.0017847467679530382
0.0018669916316866875
0.0019392126705497503
0.0018645739182829857
0.0018011662177741528
0.001809022738598287
0.0018903511809185147
0.0018511631060391665
0.0018711094744503498
0.001971055055037141
0.001790359034202993
0.0018891544314101338
0.0018463737796992064
0.0018232555594295263
0.0017536729574203491
0.0018647952238097787
0.0018369588069617748
0.0017925869906321168
0.0018068302888423204
0.0018089915392920375
0.001815213356167078
0.0017632045783102512
0.0018621986964717507
0.0017930828034877777
0.0018911499064415693
0.0018165758810937405
0.0018545363564044237
0.0019013590645045042
0.0018056179396808147
0.0018521732417866588
0.001820736681111157
0.0018813800998032093
0.0018639828776940703
0.0017334835138171911
0.0018674215534701943
0.001865785918198526
0.0018619140610098839
0.0018719705985859036
0.0018520215526223183
0.001836602808907628
0.0017815829487517476
0.0018886035541072488
0.001907080295495689
0.0018266167026013136
0.0018823231803253293
0.001829176559112966
0.001785424305126071
0.001878689625300467
0.0017961033154278994
0.001802766346372664
0.0018350619357079268
0.0017849889118224382
0.00181283475831151
0.001877364469692111
0.0019127592677250504
0.0018361274851486087
0.0017753414576873183
0.0018809091998264194
0.0017904756823554635
0.0018575587309896946
0.0018602925119921565
0.00191815837752074
0.0018273578025400639
0.0017752773128449917
0.0018058768473565578
0.0018269418505951762
0.0017984516452997923
0.001853550667874515
0.0019354857504367828
0.0018926005577668548
0.001808589557185769
0.0017937214579433203
0.0018595136934891343
0.0018508051289245486
0.0018466237233951688
0.0018452933290973306
0.0018061022274196148
0.0018362136324867606
0.0017864401452243328
0.0018434538505971432
0.0018540838500484824
0.001865097787231207
0.0018378698732703924
0.001875269110314548
0.0018349072197452188
0.0018901927396655083
0.0017750300467014313
0.0019122938392683864
0.0018223115475848317
0.0018686109688133001
0.0018320619128644466
0.001858595642261207
0.0018594292923808098
0.0018839257536455989
0.0017956915544345975
0.0019217908848077059
0.0018672010628506541
0.0019096859032288194
0.001834777183830738
0.001822016667574644
0.0018154915887862444
0.0018434785306453705
0.0018323591211810708
0.001904295408166945
0.001817749347537756
0.001794960000552237
0.0018940079025924206
0.001810132060199976
0.0017973111243918538
0.0019132416928187013
0.0018873069202527404
0.0018195727607235312
0.0017665163613855839
0.0018845166778191924
0.001819687895476818
0.0018648155964910984
0.0018470095237717032
0.0017901655519381166
0.0018820674158632755
0.0018484191969037056
0.0018160241888836026
0.0017533383797854185
0.0018311514286324382
0.0018867615144699812
0.0018172503914684057
0.001783925574272871
0.001815696945413947
0.0018634302541613579
0.001904898090288043
0.0019137619528919458
0.001869379309937358
0.0018091235542669892
0.0017370607238262892
0.0018558879382908344
0.0018635988235473633
0.0019466016674414277
0.0018860436975955963
0.0018273505847901106
0.0018153439741581678
0.0018240506760776043
0.0017887778813019395
0.0018715502228587866
0.0018188863759860396
0.0017902703257277608
0.0018762601539492607
0.0018163589993491769
0.001819967059418559
0.0018390528857707977
0.0017699794843792915
0.001801977283321321
0.0018249956192448735
0.0018243709346279502
0.0018107309006154537
0.001859277836047113
0.0018575750291347504
0.001857299474067986
0.0018523088656365871
0.0018878589617088437
0.0018347176956012845
0.001804135856218636
0.001846887869760394
0.0018374827923253179
0.0018643892835825682
0.0018551000393927097
0.0018563905032351613
0.0018430559430271387
0.0018169854301959276
0.0017680386081337929
0.0017702005570754409
0.00180516904219985
0.0018581312615424395
0.0017887188587337732
0.001853695954196155
0.0017740586772561073
0.0018161602783948183
0.0018634620355442166
0.0017995835514739156
0.00177763809915632
0.0018787879962474108
0.0018655930180102587
0.0017982509452849627
0.0018448424525558949
0.0019019176252186298
0.0017868484137579799
0.0017972099594771862
0.0018247668631374836
0.0018395202932879329
0.001899796538054943
0.0018282139208167791
0.0018948310753330588
0.0018125309143215418
0.001811893773265183
0.0017868824070319533
0.0018445947207510471
0.001865438767708838
0.001814614632166922
0.0018137955339625478
0.0018432170618325472
0.0018199129262939095
0.0018180178012698889
0.001769807655364275
0.0017838889034464955
0.001953626750037074
0.001865749480202794
0.0018431016942486167
0.0018547868821769953
0.001891060033813119
0.001803898368962109
0.001808405970223248
0.001852984307333827
0.0018511813832446933
0.001836131908930838
0.0018130323151126504
0.0018207681132480502
0.001795583637431264
0.0018960839370265603
0.001769135589711368
0.0018747876165434718
0.0018087971257045865
0.0018035386456176639
0.001760960789397359
0.00182429444976151
0.001760477083735168
0.0017853598110377789
0.0018478340934962034
0.0018577121663838625
0.0019014652352780104
0.0018093606922775507
0.001921679824590683
0.0018520629964768887
0.0017771124839782715
0.0019006211077794433
0.0017460229573771358
0.0017954877112060785
0.0018644168740138412
0.0018325593555346131
0.0017395286122336984
0.0017680349992588162
0.0019142557866871357
0.0018834717338904738
0.0018339030211791396
0.001822069170884788
0.0018164116190746427
0.0017755659064278007
0.0018725283443927765
0.0018951004603877664
0.0018210260896012187
0.0017928857123479247
0.0017995446687564254
0.0017974224174395204
0.0017795092426240444
0.0017514587379992008
0.0018240795470774174
0.0019051028648391366
0.0018683989765122533
0.0018274724716320634
0.0017736352747306228
0.0019209368620067835
0.0018059973372146487
0.0018423618748784065
0.0019165395060554147
0.0017639530124142766
0.0017833232413977385
0.0017656722338870168
0.001758282887749374
0.0018323399126529694
0.0018175146542489529
0.0018706668633967638
0.0018350837053731084
0.0017626537010073662
0.0017755212029442191
0.0018593386048451066
0.001838273135945201
0.0017604519380256534
0.0017890908056870103
0.0018050767248496413
0.0017455959459766746
0.001830010674893856
0.001864653779193759
0.001782601815648377
0.001895465306006372
0.0018473513191565871
0.0017925538122653961
0.0018974272534251213
0.0019148442661389709
0.001767610665410757
0.0017981231212615967
0.001795660238713026
0.0018134629353880882
0.0018221315694972873
0.0018631003331393003
0.0017582328291609883
0.001831311616115272
0.001850317232310772
0.001792903640307486
0.0018952771788462996
0.0017671153182163835
0.0018316629575565457
0.0019195525674149394
0.0017420250223949552
0.0017536060186102986
0.0017827819101512432
0.0018326689023524523
0.0018376782536506653
0.001745972316712141
0.0018053631065413356
0.001850925968028605
0.001770565053448081
0.0018530295928940177
0.0018540930468589067
0.001825330313295126
0.0018775538774207234
0.0018474184907972813
0.001787582878023386
0.0018387032905593514
0.001836379524320364
0.0018804052378982306
0.0019118348136544228
0.0017743243370205164
0.0018195381853729486
0.0018133907578885555
0.0018902641022577882
0.0018376180669292808
0.0018220683559775352
0.0018301563104614615
0.0018578075105324388
0.0017821122892200947
0.0018908572383224964
0.001785032101906836
0.0018705904949456453
0.0018515143310651183
0.001822295831516385
0.0018464666791260242
0.0018200130434706807
0.001850893604569137
0.001861626747995615
0.0018082094611600041
0.001796616124920547
0.0017630532383918762
0.001814930117689073
0.0017278444720432162
0.001755863311700523
0.0017993765650317073
0.0017636525444686413
0.0017653013346716762
0.0018307470018044114
0.0018410331103950739
0.0018058321438729763
0.0018368624150753021
0.0017912780167534947
0.001734019024297595
0.0018672203877940774
0.0018059327267110348
0.0018058877903968096
0.001785551430657506
0.0018772869370877743
0.0018325792625546455
0.0017660753801465034
0.001875967951491475
0.001804708270356059
0.001797751523554325
0.0018034732202067971
0.0017512833001092076
0.0017960068071261048
0.001850527711212635
0.001837838557548821
0.0017954668728634715
0.001824836479499936
0.0018291175365447998
0.0018636493477970362
0.0017689268570393324
0.001786343869753182
0.0018527382053434849
0.0018806315492838621
0.0017655087867751718
0.0018382166745141149
0.0018146580550819635
0.0017625258769840002
0.001870161620900035
0.0018117593135684729
0.0017389097483828664
0.0018353670602664351
0.001845722901634872
0.001832417445257306
0.0018473196541890502
0.0018135039135813713
0.0018125909846276045
0.001844262471422553
0.0018499636789783835
0.0018450499046593904
0.001861537341028452
0.001827810425311327
0.0018942245515063405
0.0019210820319131017
0.001842743018642068
0.0017987150931730866
0.0018165615620091558
0.0017989311600103974
0.001903749885968864
0.001814157934859395
0.001825460814870894
0.0018509207293391228
0.0018627302488312125
0.0018758174264803529
0.001851350418291986
0.001847539795562625
0.0018214004812762141
0.0018202338833361864
0.0017943368293344975
0.001900907140225172
0.00178231461904943
0.0018604572396725416
0.0018576666479930282
0.0019078467739745975
0.001809203764423728
0.0018391608027741313
0.0017889707814902067
0.0018620494520291686
0.0018522610189393163
0.0018044477328658104
0.0017751614795997739
0.0017490718746557832
0.0018311799503862858
0.001797051285393536
0.0017940179677680135
0.0018138161394745111
0.00180484086740762
0.0017555421218276024
0.0018184349173679948
0.0018231567228212953
0.0017480504466220737
0.00185888702981174
0.0017235561972483993
0.0017820763168856502
0.0017980544362217188
0.0017778868786990643
0.0018674795283004642
0.0018098695436492562
0.0018083102768287063
0.0018443663138896227
0.0018335316563025117
0.0018303297692909837
0.001922117779031396
0.0018719079671427608
0.0017978179967030883
0.0018134117126464844
0.0018053847597911954
0.0017853936878964305
0.0017363879596814513
0.0017872856697067618
0.0018175041768699884
0.001860693795606494
0.0018038409762084484
0.0018198102479800582
0.001835198956541717
0.0017886529676616192
0.0018453698139637709
0.0018240291392430663
0.0018254423048347235
0.001889311708509922
0.0018589315004646778
0.0018080167938023806
0.0017677113646641374
0.0018085755873471498
0.0018216401804238558
0.0017621390288695693
0.0018321340903639793
0.0017824341775849462
0.0017905409913510084
0.001775045064277947
0.0018231096910312772
0.0017846025293692946
0.0017669477965682745
0.0018404090078547597
0.0018325536511838436
0.0017676881980150938
0.0017864868277683854
0.0018653544830158353
0.0017545168520882726
0.0018355463398620486
0.0018487308407202363
0.0017839823849499226
0.0017309770919382572
0.00177474704105407
0.001848589163273573
0.0018171272240579128
0.0017891146708279848
0.001767160720191896
0.0019060778431594372
0.0018094036495313048
0.0018006727332249284
0.0018198497127741575
0.0017125667072832584
0.0018365791765972972
0.001903282362036407
0.001770347822457552
0.0017940582474693656
0.0018604719080030918
0.0017996557289734483
0.001897157751955092
0.0018661041976884007
0.0017871169839054346
0.0018049335340037942
0.0017757209716364741
0.001767578418366611
0.0018134120618924499
0.0016891078557819128
0.001834586262702942
0.0017992237117141485
0.0017940032994374633
0.0017925772117450833
0.0018158226739615202
0.0018908345373347402
0.0017961643170565367
0.0018062633462250233
0.0017782277427613735
0.0018409050535410643
0.0017678907606750727
0.0018204135121777654
0.0018541691824793816
0.0017566537717357278
0.0018364099087193608
0.001797914388589561
0.0017835396574810147
0.0018255432369187474
0.0018703406676650047
0.0018937747227028012
0.001817347016185522
0.0018033415544778109
0.0018683981616050005
0.001816753763705492
0.0018270999426022172
0.0018086443888023496
0.0017993113724514842
0.001816806965507567
0.001725690090097487
0.0018446337198838592
0.0018700645305216312
0.0018831163179129362
0.0017996965907514095
0.0017944138962775469
0.0018327070865780115
0.0019412742694839835
0.0017762294737622142
0.0018368597375229
0.0018679737113416195
0.0017453792970627546
0.00184892606921494
0.0017968256724998355
0.0018384087597951293
0.0017987600294873118
0.00180300313513726
0.0018314096378162503
0.0017959304386749864
0.0017974823713302612
0.0018307617865502834
0.00173276592977345
0.001819839235395193
0.0018307070713490248
0.001728894654661417
0.0017855631886050105
0.0018283338285982609
0.0017803119262680411
0.001772665185853839
0.0017397027695551515
0.0017734977882355452
0.001819817116484046
0.0017680447781458497
0.0019023523200303316
0.0017710066167637706
0.0017601102590560913
0.0017626375192776322
0.0018341743852943182
0.001875396235845983
0.0017720237374305725
0.0018184103537350893
0.0018532004905864596
0.001825051847845316
0.0018228089902549982
0.0017942447448149323
0.0017751498380675912
0.0017600774299353361
0.0017256641294807196
0.0017892830073833466
0.00179104448761791
0.0018305755220353603
0.0018540647579357028
0.0017646834021434188
0.0017845685360953212
0.0018189707770943642
0.0018682113150134683
0.0017419682117179036
0.0017697896109893918
0.0017671242821961641
0.0017859243089333177
0.001793998060747981
0.0017880793893709779
0.0018739541992545128
0.0018149683019146323
0.0018667669501155615
0.0018971621757373214
0.0017692248802632093
0.0017836648039519787
0.0018145120702683926
0.0018418330000713468
0.0018196048913523555
0.001818778458982706
0.0017961016856133938
0.0017807245021685958
0.001723273890092969
0.0017852792516350746
0.0018370348261669278
0.001779282232746482
0.0018101263558492064
0.0017964947037398815
0.0017569237388670444
0.0018346916185691953
0.0017338008619844913
0.0018915939144790173
0.0018319706432521343
0.0019052129937335849
0.0017441121162846684
0.0017996211536228657
0.001839822973124683
0.001786795910447836
0.0017819661879912019
0.0017514065839350224
0.001755889505147934
0.0017953106435015798
0.0018483763560652733
0.0017593828961253166
0.001730554853565991
0.001777431694790721
0.0018115395214408636
0.0017630776856094599
0.0018034474924206734
0.0017885417910292745
0.001773933181539178
0.0017639384604990482
0.0018085126066580415
0.0018484394531697035
0.0017978240502998233
0.0017831140430644155
0.0017849047435447574
0.0018034359673038125
0.001797880046069622
0.0017749001272022724
0.001832716166973114
0.0017992996145039797
0.001860251766629517
0.0018556310096755624
0.001835227943956852
0.0018483989406377077
0.001753892400301993
0.0018444216111674905
0.0018418373074382544
0.0016977000050246716
0.0017813192680478096
0.0016972050070762634
0.0018002784345299006
0.0017884079134091735
0.0017475209897384048
0.0017734362045302987
0.0018192714778706431
0.0017215615371242166
0.0018421083223074675
0.0017470133025199175
0.0018524371553212404
0.0018173442222177982
0.0018432317301630974
0.0018594027496874332
0.0018609199905768037
0.0018242287915199995
0.0018085093470290303
0.001801517908461392
0.001692980993539095
0.001808210276067257
0.0018355981446802616
0.0017796000465750694
0.0018551541725173593
0.0018502399325370789
0.0017743556527420878
0.0018256400944665074
0.00180902483407408
0.0017251382814720273
0.0017833295278251171
0.0018008522456511855
0.0017647258937358856
0.0018139040330424905
0.001760766957886517
0.0018047438934445381
0.0017674098489806056
0.0018410244956612587
0.001846915576606989
0.0018645265372470021
0.0018499036086723208
0.0018203139770776033
0.001839729375205934
0.0017897847574204206
0.001846306724473834
0.0017753407591953874
0.001836434006690979
0.0017918727826327085
0.0017182664014399052
0.0017926357686519623
0.0018119318410754204
0.0018029669299721718
0.0018400796689093113
0.0018187809037044644
0.0018133829580619931
0.0018144495552405715
0.0017458375077694654
0.0016980260843411088
0.001782854669727385
0.0018887287005782127
0.0018351509934291244
0.0018455003155395389
0.0017594494856894016
0.0018685903633013368
0.0017957082018256187
0.001697476371191442
0.0017759548500180244
0.0018807373708114028
0.001855204813182354
0.0018453516531735659
0.0018542952602729201
0.0018683916423469782
0.0018571510445326567
0.0018299296498298645
0.0018303130054846406
0.0017484358977526426
0.0018948193173855543
0.0018665898824110627
0.001851180917583406
0.0017392596928402781
0.0018192806746810675
0.0017953830538317561
0.0017855443293228745
0.0017585249152034521
0.0018211534479632974
0.0018087737262248993
0.0018273869063705206
0.0018238828051835299
0.0017602258594706655
0.0017913224874064326
0.0018022682052105665
0.001793349045328796
0.0017676298739388585
0.001686289208009839
0.0017830393044278026
0.0018867809558287263
0.0017472872277721763
0.0017712897388264537
0.001820849603973329
0.0017206076299771667
0.0017041212413460016
0.001832897774875164
0.0018559200689196587
0.0017370228888466954
0.0018300265073776245
0.0018033623928204179
0.0017960432451218367
0.0018288553692400455
0.001814184244722128
0.001829650835134089
0.0017682102043181658
0.0017597232945263386
0.0017891274765133858
0.0018377209780737758
0.0017903129337355494
0.0018713186727836728
0.0017612045630812645
0.0018290899461135268
0.001768039190210402
0.0017267854418605566
0.0017501488327980042
0.001850808970630169
0.0018192688003182411
0.0018452375661581755
0.0017878020880743861
0.0018074240069836378
0.0017601939616724849
0.0018009771592915058
0.0018305245321244001
0.0017861839151009917
0.0018812139751389623
0.001807678141631186
0.0017398640047758818
0.001782387844286859
0.0018013413064181805
0.001759189646691084
0.0017956889932975173
0.001761982450261712
0.001785137108527124
0.0017446898855268955
0.0017448231810703874
0.0017596282996237278
0.0017737533198669553
0.0018209703266620636
0.001810673507861793
0.001883622375316918
0.0018285844707861543
0.0018129977397620678
0.0018252363661304116
0.0017524441936984658
0.0018124105408787727
0.0018158361781388521
0.001783165498636663
0.001767046400345862
0.0017905081622302532
0.0018057776615023613
0.0017897930229082704
0.0018307998543605208
0.0018334739143028855
0.0017988525796681643
0.0017394074238836765
0.0018601338379085064
0.0018265629187226295
0.0018356585642322898
0.001770233502611518
0.0018019675044342875
0.0017347723478451371
0.0018092581303790212
0.0017387691186740994
0.0017670257948338985
0.0017779332119971514
0.0018468713387846947
0.0017633092356845737
0.0018402156420052052
0.0017785896779969335
0.0018196224700659513
0.0017361624632030725
0.0018342616967856884
0.0018198761390522122
0.001772205694578588
0.0017457789508625865
0.0018067051423713565
0.001829685876145959
0.0017805122770369053
0.0018578361487016082
0.0018528848886489868
0.001853138324804604
0.0018725987756624818
0.0017397343181073666
0.0018651454010978341
0.0018457649275660515
0.001787678455002606
0.0018016508547589183
0.0017545802984386683
0.0017861921805888414
0.001855071634054184
0.0017927336739376187
0.0018211484421044588
0.0017424746183678508
0.0018347345758229494
0.0018937030108645558
0.001799668651074171
0.0018304720288142562
0.0017676170682534575
0.001754620810970664
0.0017742428462952375
0.001750054769217968
0.0018501266604289412
0.0018121590837836266
0.001855686423368752
0.0017365956446155906
0.0018048611236736178
0.0017757023451849818
0.001731579890474677
0.001765894703567028
0.0018197846366092563
0.0017998047405853868
0.001809275709092617
0.0018245797837153077
0.0017673587426543236
0.0017684220802038908
0.001789183123037219
0.0017662326572462916
0.0017829010030254722
0.0017699715681374073
0.0017741593765094876
0.0017915888456627727
0.001769582275301218
0.001825330313295126
0.001814274350181222
0.0017360006459057331
0.0017626606859266758
0.0017824698006734252
0.0018941868329420686
0.0017580455169081688
0.0018058015266433358
0.001759790349751711
0.0016841200413182378
0.0017756868619471788
0.0017073337221518159
0.0017590902280062437
0.001831233617849648
0.0018172308336943388
0.0017587930196896195
0.0017915441421791911
0.001826455700211227
0.001752791809849441
0.0019048707326874137
0.0018455747049301863
0.0018006570171564817
0.0017838010098785162
0.0017432888271287084
0.0018405684968456626
0.0017985719023272395
0.0017996684182435274
0.0017488716403022408
0.0017829238204285502
0.0017846610862761736
0.0017944120336323977
0.0018402269342914224
0.0017639969009906054
0.0017888594884425402
0.0017809912096709013
0.001784567371942103
0.0017836986808106303
0.0017658992437645793
0.0017720004543662071
0.0017538170795887709
0.0017188648926094174
0.0017607903573662043
0.0017408053390681744
0.0017999090487137437
0.0017992205685004592
0.0018047584453597665
0.001713907695375383
0.001817583106458187
0.0018086221534758806
0.001817221287637949
0.0017966092564165592
0.0017920609097927809
0.00181904761120677
0.0018004912417382002
0.0017864723922684789
0.0017805114621296525
0.0018131585093215108
0.0017749773105606437
0.0018441565334796906
0.001795960939489305
0.0017700635362416506
0.0018290638690814376
0.0018652572762221098
0.001755592878907919
0.0016938005574047565
0.0017350884154438972
0.0018713974859565496
0.0018628307152539492
0.0017156018875539303
0.0018039147835224867
0.0017299714963883162
0.001839133445173502
0.001763235661201179
0.0018705400871112943
0.001837593736127019
0.0017542482819408178
0.0017712812405079603
0.0016619163798168302
0.0017971013439819217
0.0017490119207650423
0.0017954859649762511
0.0018763190601021051
0.0017723419005051255
0.0018474392127245665
0.0018015073146671057
0.0017827876145020127
0.0017783528892323375
0.0018058167770504951
0.0018188654212281108
0.0017904344713315368
0.0017907837172970176
0.0017560836859047413