0.006690345238894224
0.00644574174657464
0.005544111132621765
0.004963644314557314
0.0046226345002651215
0.004380804020911455
0.004399614874273539
0.004227498546242714
0.004252886399626732
0.0038983854465186596
0.004004200920462608
0.003821494523435831
0.0036478585097938776
0.0036040234845131636
0.0035945335403084755
0.0036182082258164883
0.0034912857227027416
0.0036157977301627398
0.0036967191845178604
0.0035069724544882774
0.003473045537248254
0.0034438176080584526
0.003454705234616995
0.003509068163111806
0.003376095788553357
0.003416843945160508
0.0034226092975586653
0.0033895631786435843
0.0031900734174996614
0.0033961681183427572
0.003305981867015362
0.0033363213296979666
0.003299189265817404
0.0033760794904083014
0.0033619371242821217
0.0033136329147964716
0.003372721141204238
0.0034064126666635275
0.0033167831134051085
0.003289479063823819
0.0031881467439234257
0.003210872644558549
0.003215075470507145
0.0032037782948464155
0.0033508941996842623
0.003189359325915575
0.0032564548309892416
0.003199343103915453
0.003252361435443163
0.003262568963691592
0.003215609584003687
0.0031002380419522524
0.0031627577263861895
0.003151613986119628
0.003183110384270549
0.003151428187265992
0.00303386221639812
0.0032572217751294374
0.0032350856345146894
0.0029952330514788628
0.0031900296453386545
0.0032943282276391983
0.0031418961007148027
0.0030612912960350513
0.003137355437502265
0.0031951700802892447
0.0030251978896558285
0.0032400384079664946
0.0031083086505532265
0.003079914255067706
0.003158097853884101
0.003108965465798974
0.0031307938043028116
0.003079947317019105
0.003104402683675289
0.003026993479579687
0.003094435902312398
0.003127264091745019
0.0030792427714914083
0.003040052019059658
0.003118038410320878
0.0030919841956347227
0.0030803061090409756
0.003079383634030819
0.0030631921254098415
0.003075007814913988
0.003092473838478327
0.0030648994725197554
0.002932705217972398
0.0029933368787169456
0.003168103052303195
0.0031331167556345463
0.0030813661869615316
0.0029967743903398514
0.00307014980353415
0.0030393905472010374
0.0030229275580495596
0.0029990198090672493
0.003088518278673291
0.003039562376216054
0.003193662501871586
0.003101406153291464
0.003129751654341817
0.003229031339287758
0.0030347732827067375
0.0031320289708673954
0.003156773978844285
0.003010897897183895
0.0030501368455588818
0.003066555829718709
0.0030994268599897623
0.0029974610079079866
0.0029655287507921457
0.0029901869129389524
0.0028483665082603693
0.0029073834884911776
0.003069150261580944
0.003036798909306526
0.002965301275253296
0.0030917928088456392
0.002948381705209613
0.0029454820323735476
0.0029763365164399147
0.003041232004761696
0.0030119256116449833
0.0030786115676164627
0.002881527878344059
0.003007437800988555
0.003078822512179613
0.0029458662029355764
0.0030549494549632072
0.00294856377877295
0.0029784205835312605
0.0030233922880142927
0.0029438314959406853
0.002829260192811489
0.0030257937032729387
0.002902860986068845
0.00301030813716352
0.003010741202160716
0.002908184891566634
0.0028679596725851297
0.002939847996458411
0.0029634227976202965
0.002905919449403882
0.0029712775722146034
0.0029453132301568985
0.003096957691013813
0.0030251755379140377
0.002960297977551818
0.002985335886478424
0.0029521584510803223
0.0028402816969901323
0.0029747134540230036
0.0030204355716705322
0.002996014663949609
0.0029078228399157524
0.0030019180849194527
0.002842620015144348
0.0029703613836318254
0.0029021732043474913
0.002897314028814435
0.0028819264844059944
0.0029336237348616123
0.002924327040091157
0.0029023615643382072
0.0029800632037222385
0.0028458712622523308
0.0030004591681063175
0.0028787171468138695
0.002903599990531802
0.002911022398620844
0.0028652034234255552
0.002874895231798291
0.0029113381169736385
0.0029660584405064583
0.0028812484815716743
0.002829610602930188
0.002881926018744707
0.002881453139707446
0.002817931119352579
0.002955717034637928
0.00294166780076921
0.002828964963555336
0.0028237479273229837
0.0029555230867117643
0.003033044282346964
0.0029345888178795576
0.0028317919932305813
0.003041991265490651
0.0028095992747694254
0.0028892471455037594
0.00293006026186049
0.0029283715412020683
0.00296869152225554
0.0029202536679804325
0.0027641262859106064
0.002834884449839592
0.0029373797588050365
0.003061650786548853
0.0029450475703924894
0.002888787304982543
0.0028552126605063677
0.0029011645819991827
0.0029431909788399935
0.0029375716112554073
0.0028543833177536726
0.002950323512777686
0.00280909426510334
0.002829678123816848
0.0028985226526856422
0.0028382136952131987
0.0028327275067567825
0.0027839478570967913
0.0028794584795832634
0.003011902794241905
0.0027944082394242287
0.0028451140969991684
0.002803742652758956
0.0028422146569937468
0.0029508592560887337
0.002850874327123165
0.0028924886137247086
0.002919776365160942
0.0029419190250337124
0.0029277214780449867
0.002751959953457117
0.0028604278340935707
0.0029379636980593204
0.0028896445874124765
0.0029229263309389353
0.0028144025709480047
0.0029315403662621975
0.0029788350220769644
0.002876963233575225
0.0028621521778404713
0.002967709908261895
0.002812473103404045
0.002906374866142869
0.0028908506501466036
0.002797369146719575
0.0028518035542219877
0.002865514950826764
0.0028200449887663126
0.002781403250992298
0.0028752845246344805
0.0028572252485901117
0.002908362541347742
0.002712703077122569
0.002901898231357336
0.002882827538996935
0.002940946724265814
0.0028279072139412165
0.0028480691835284233
0.002892926102504134
0.0027825424913316965
0.0030356578063219786
0.0029758689925074577
0.0028996861074119806
0.0028262557461857796
0.002909428207203746
0.0029987699817866087
0.0029225170146673918
0.0027187198866158724
0.002917536301538348
0.0029132934287190437
0.002899894490838051
0.0028698930982500315
0.002782660536468029
0.002803689567372203
0.002922633197158575
0.0028299724217504263
0.0028500515036284924
0.002883477136492729
0.0028413233812898397
0.002870783442631364
0.0029196650721132755
0.0028162978123873472
0.0028220333624631166
0.002839653752744198
0.002783766947686672
0.002920393133535981
0.002743097022175789
0.0027205017395317554
0.0028447231743484735
0.0028141839429736137
0.002864603418856859
0.002738568000495434
0.0028361761942505836
0.002853291342034936
0.0027441049460321665
0.002850943012163043
0.002934511285275221
0.002795532578602433
0.0027538270223885775
0.002803745912387967
0.0028671668842434883
0.002782643074169755
0.002880670828744769
0.0027960101142525673
0.002764012897387147
0.0028608529828488827
0.0028081682976335287
0.0028814123943448067
0.0028696239460259676
0.0028238045051693916
0.002690261695533991
0.0028920674230903387
0.002826665062457323
0.0027510873042047024
0.002861431334167719
0.00284478603862226
0.0028272427152842283
0.002789483405649662
0.002736917696893215
0.002838228363543749
0.0028654816560447216
0.0027741598896682262
0.0029192918445914984
0.0028791455551981926
0.0027959642466157675
0.0028685068245977163
0.002894296543672681
0.0027295402251183987
0.002929164096713066
0.0027874934021383524
0.0028844280168414116
0.002855791710317135
0.002835458843037486
0.0028176927007734776
0.0028286362066864967
0.0028294550720602274
0.002750783460214734
0.002793564461171627
0.002953438088297844
0.0027097940910607576
0.0028106567915529013
0.002901427447795868
0.0028123422525823116
0.002809226745739579
0.002934033051133156
0.0028333431109786034
0.0029340251348912716
0.0027466679457575083
0.0027970755472779274
0.0027680308558046818
0.0028039547614753246
0.0028322869911789894
0.0028534773737192154
0.00279036071151495
0.002893309574574232
0.002858913503587246
0.0028844615444540977
0.0028234468773007393
0.0027251436840742826
0.002759604249149561
0.0027996674180030823
0.0027729219291359186
0.0028369370847940445
0.0027334261685609818
0.002815594896674156
0.0027789019513875246
0.0026355087757110596
0.0027154439594596624
0.0028233935590833426
0.0027159538585692644
0.0028324639424681664
0.00275350920855999
0.002725479193031788
0.002675117226317525
0.0027924065943807364
0.002811795100569725
0.0027123072650283575
0.0027051346842199564
0.0028427233919501305
0.0028370835352689028
0.0029946353752166033
0.002812649356201291
0.0028769616037607193
0.0027548987418413162
0.0028117280453443527
0.0028280154801905155
0.0027500507421791553
0.002792598679661751
0.002754015615209937
0.0028996167238801718
0.0028003347106277943
0.0027939656283706427
0.0027853292413055897
0.002827745396643877
0.002828636672347784
0.002763347001746297
0.00277771451510489
0.0028108179103583097
0.002719457959756255
0.0027507904451340437
0.0027939649298787117
0.002950722351670265
0.002818460576236248
0.002815926680341363
0.00282742059789598
0.002844773465767503
0.00278865871950984
0.0028075543232262135
0.002833241829648614
0.002768958918750286
0.002774647669866681
0.0027835387736558914
0.0027272857259958982
0.0028260790277272463
0.002913606120273471
0.002720300341024995
0.002829410368576646
0.002770199440419674
0.002727474784478545
0.002736310940235853
0.002864322392269969
0.0027563010808080435
0.0028132335282862186
0.0028433494735509157
0.002828868106007576
0.0028833793476223946
0.002764361910521984
0.002769940299913287
0.0028372136875987053
0.0027791098691523075
0.0027697414625436068
0.00279545271769166
0.002842862857505679
0.002785569056868553
0.0027886221650987864
0.0026799174956977367
0.002882004017010331
0.0027645020745694637
0.002805852796882391
0.002742170123383403
0.002856271807104349
0.0028226557187736034
0.0027246985118836164
0.0028047848027199507
0.002796428743749857
0.002745046280324459
0.0027978462167084217
0.0026032477617263794
0.002766086719930172
0.0029150170739740133
0.002768017118796706
0.0026975281070917845
0.0027175613213330507
0.0028220009990036488
0.0027203441131860018
0.002712568733841181
0.002754097804427147
0.002726850565522909
0.0028583521489053965
0.0028712789062410593
0.002643266227096319
0.002743895398452878
0.002843489870429039
0.0027685503009706736
0.0027744248509407043
0.002850752556696534
0.00276288203895092
0.002679015975445509
0.002632259391248226
0.0026352214626967907
0.0027492493391036987
0.0027815464418381453
0.002688176929950714
0.0026799961924552917
0.0026668673381209373
0.00281945476308465
0.00267307017929852
0.0027760458178818226
0.0028682933188974857
0.002678760327398777
0.0027664497029036283
0.0028407161589711905
0.0027772195171564817
0.0027625805232673883
0.0027185766957700253
0.00276112905703485
0.002717995084822178
0.00270079611800611
0.0027595427818596363
0.002747956197708845
0.0028198359068483114
0.0027134777046740055
0.002795338397845626
0.00267243105918169
0.0027156523428857327
0.002658185549080372
0.0026747570373117924
0.002721871715039015
0.0028255474753677845
0.002729956293478608
0.0026903667021542788
0.0028022071346640587
0.0026896053459495306
0.0027891993522644043
0.002820053370669484
0.002786083845421672
0.0028169709257781506
0.002694968832656741
0.0026760816108435392
0.002787394914776087
0.002742460696026683
0.0026229876093566418
0.002765098586678505
0.0026932295877486467
0.0028142936062067747
0.0026954778004437685
0.0026875478215515614
0.0026988631580024958
0.0027832156047225
0.0027338156942278147
0.0027848058380186558
0.0027359621599316597
0.0027279250789433718
0.0026943269185721874
0.0026850157883018255
0.002712004818022251
0.002785507356747985
0.002710125409066677
0.0027046361938118935
0.002711695386096835
0.0027807659935206175
0.0028814608231186867
0.0027386213187128305
0.002675773808732629
0.0027303341776132584
0.002663128077983856
0.002711838809773326
0.00270555610768497
0.002673915820196271
0.0027841641567647457
0.002706145867705345
0.00272404495626688
0.0027615579310804605
0.0026975080836564302
0.002675400348380208
0.0026497715152800083
0.0027963994070887566
0.0026399290654808283
0.002785630524158478
0.0027494311798363924
0.0027045821771025658
0.0027782684192061424
0.002726338803768158
0.0028090334963053465
0.0027056802064180374
0.0027692255098372698
0.0027707391418516636
0.002666440326720476
0.0027026834432035685
0.0026862206868827343
0.0027579772286117077
0.002781773218885064
0.0027376601938158274
0.0027161294128745794
0.0027870279736816883
0.0028248813468962908
0.002702878089621663
0.002692430280148983
0.002635330893099308
0.002859021071344614
0.0026958417147397995
0.002576021011918783
0.002768200356513262
0.002740970579907298
0.0027386255096644163
0.002701203338801861
0.0027897057589143515
0.0027330133598297834
0.0027760816738009453
0.0027319302316755056
0.002800501650199294
0.0026773782446980476
0.002672066679224372
0.002665342064574361
0.002685144543647766
0.0027555853594094515
0.002831214340403676
0.0027189566753804684
0.002831793390214443
0.002842671936377883
0.002785872435197234
0.0027671554125845432
0.002704437356442213
0.0026333299465477467
0.0026703011244535446
0.002719145966693759
0.0026455866172909737
0.0026911944150924683
0.002647171961143613
0.002758799586445093
0.0026965581346303225
0.0028926641680300236
0.002797619206830859
0.0026956244837492704
0.0027460977435112
0.002706359140574932
0.0026816101744771004
0.002706217812374234
0.002814469626173377
0.0027752688620239496
0.002748920815065503
0.0027458551339805126
0.0027945549227297306
0.0025738815311342478
0.002814468229189515
0.002785728545859456
0.0027790579479187727
0.0027095109689980745
0.002754899673163891
0.002695875708013773
0.002730305539444089
0.0028143031522631645
0.0027414625510573387
0.0027150132227689028
0.002595860743895173
0.0027064273599535227
0.0025761513970792294
0.002641641302034259
0.0028122523799538612
0.002671092050150037
0.0027016177773475647
0.0028074064757674932
0.0026713162660598755
0.0027398753445595503
0.002694450318813324
0.0026338715106248856
0.0026107069570571184
0.002711714245378971
0.00276537099853158
0.002672606147825718
0.0028220724780112505
0.002714473055675626
0.002696953946724534
0.0027092057280242443
0.0026262355968356133
0.0026557573582977057
0.002651022747159004
0.0027267751283943653
0.002778490772470832
0.002696230076253414
0.002656850265339017
0.002693359274417162
0.002643042476847768
0.0026149682234972715
0.0027319490909576416
0.002928427653387189
0.002720282645896077
0.002747908001765609
0.002671244088560343
0.0027405687142163515
0.0026573743671178818
0.0028186216950416565
0.002727610059082508
0.0026701483875513077
0.002650612033903599
0.0026916468050330877
0.0027363558765500784
0.0027424441650509834
0.0027365959249436855
0.0026641821023076773
0.002690211869776249
0.0027069172356277704
0.0026404152158647776
0.002767419908195734
0.0027600442990660667
0.0027945502661168575
0.0027252305299043655
0.0026347648818045855
0.0027304550167173147
0.0027030117344111204
0.002670241054147482
0.0027567800134420395
0.0027552691753953695
0.002632420975714922
0.002809600206092
0.002662106417119503
0.0026551582850515842
0.002671986585482955
0.0026801719795912504
0.0027490872889757156
0.002731136279180646
0.002646510023623705
0.002750427694991231
0.002700414974242449
0.0026972226332873106
0.0027528288774192333
0.0026592130307108164
0.0027721216902136803
0.002696789801120758
0.002670958871021867
0.002728744177147746
0.002782911993563175
0.002698438474908471
0.002713180845603347
0.002715898444876075
0.002756906673312187
0.0027046429459005594
0.0027266396209597588
0.0026877052150666714
0.002648201771080494
0.002668101107701659
0.0026315790601074696
0.0027143373154103756
0.00269646430388093
0.002745593897998333
0.0026811715215444565
0.0026754597201943398
0.002675852505490184
0.0027620538603514433
0.0026654647663235664
0.0027228263206779957
0.0027212935965508223
0.002652365481480956
0.002686356194317341
0.002653254894539714
0.0026856211479753256
0.0027486588805913925
0.002712549176067114
0.0027035679668188095
0.0027137252036482096
0.0026630014181137085
0.0027791657485067844
0.002796509535983205
0.0027497978881001472
0.002728603780269623
0.0027756118215620518
0.0026045343838632107
0.002688711043447256
0.0026913739275187254
0.002795976586639881
0.002664746716618538
0.0026835622265934944
0.002781802788376808
0.002660649362951517
0.0026463079266250134
0.0026748136151582003
0.0026738715823739767
0.002762471092864871
0.0028300147969275713
0.0026780187617987394
0.002695374423637986
0.002697315998375416
0.002702780067920685
0.0026587226893752813
0.0027427130844444036
0.0027654417790472507
0.0026974170468747616
0.002675393596291542
0.0027015358209609985
0.0026717418804764748
0.0027400252874940634
0.002778115915134549
0.0027201385237276554
0.002713930793106556
0.002707452978938818
0.0027138041332364082
0.0025966211687773466
0.0027296135667711496
0.002713655587285757
0.0026841575745493174
0.002706274390220642
0.002669187728315592
0.0026401150971651077
0.0027640555053949356
0.0026682994794100523
0.0027127359062433243
0.002757399110123515
0.0025775935500860214
0.0026451675221323967
0.002758495742455125
0.0026132306084036827
0.0027003746945410967
0.002755566034466028
0.0027092790696769953
0.002762925811111927
0.0028120740316808224
0.002609705086797476
0.002766839461401105
0.0026353318244218826
0.0027276030741631985
0.002577744424343109
0.002719906158745289
0.0026566898450255394
0.0027238186448812485
0.0026261538732796907
0.0027469911146909
0.002813969273120165
0.002662485931068659
0.0027360874228179455
0.002677415031939745
0.0026015369221568108
0.002595321275293827
0.0027308743447065353
0.002693017479032278
0.0025836676359176636
0.002665690379217267
0.0027035726234316826
0.002688029780983925
0.0027210921980440617
0.002709004795178771
0.002589915879070759
0.002773822285234928
0.0026540637481957674
0.0027045244351029396
0.0027579443994909525
0.002762550488114357
0.002681206213310361
0.0026901925448328257
0.0026059034280478954
0.00259343720972538
0.002677726559340954
0.0027095405384898186
0.0026039513759315014
0.002679961733520031
0.002646390814334154
0.0026708021759986877
0.0027224556542932987
0.0026259198784828186
0.0026670240331441164
0.0027994480915367603
0.0026077330112457275
0.00276133231818676
0.002680354518815875
0.002684821840375662
0.0026154995430260897
0.002746298210695386
0.002705674385651946
0.0026659604627639055
0.0026976591907441616
0.002766028046607971
0.0027008282486349344
0.0026138857938349247
0.0026550008915364742
0.002686280058696866
0.002700889017432928
0.0026688871439546347
0.002629166003316641
0.002832904225215316
0.0027724653482437134
0.0027124835178256035
0.0027452323120087385
0.0026990696787834167
0.0027676287572830915
0.0026352345012128353
0.002596984850242734
0.002664075465872884
0.0026172399520874023
0.002699910430237651
0.002570819342508912
0.0027141813188791275
0.002641288097947836
0.002836308442056179
0.002661975333467126
0.0026581049896776676
0.0026847010012716055
0.0027635458391159773
0.0026076599024236202
0.002692185342311859
0.002646614797413349
0.0027050874195992947
0.002641773782670498
0.0026071995962411165
0.0026997870299965143
0.002684761770069599
0.002642405219376087
0.002645278349518776
0.002620171522721648
0.0026102729607373476
0.0027158213779330254
0.0026937932707369328
0.0026982021518051624
0.0027118048164993525
0.002667177701368928
0.0026647616177797318
0.0026804429944604635
0.002699547214433551
0.002605380956083536
0.0027300389483571053
0.0027221613563597202
0.0026965979486703873
0.0027720120269805193
0.002638845471665263
0.0026739654131233692
0.002793327672407031
0.0028064087964594364
0.0026727840304374695
0.002712291432544589
0.002632759278640151
0.0026770620606839657
0.002596883801743388
0.00267120567150414
0.002590155228972435
0.0026279836893081665
0.0026407488621771336
0.0026707418728619814
0.0026592069771140814
0.0028850233647972345
0.0026561387348920107
0.002649016445502639
0.002592866774648428
0.002609705552458763
0.0026982056442648172
0.0026258870493620634
0.00272688502445817
0.0025883635971695185
0.002639002399519086
0.0026417002081871033
0.0028142156079411507
0.002657054690644145
0.0025749262422323227
0.0026694631669670343
0.002658796962350607
0.002717004157602787
0.0027053924277424812
0.002672998234629631
0.0026947075966745615
0.0027293118182569742
0.0026904121041297913
0.0027025314047932625
0.002767006168141961
0.00277688424102962
0.0026738790329545736
0.002781266812235117
0.002608241979032755
0.002676901873201132
0.0025930360425263643
0.0026392191648483276
0.0027058206032961607
0.002689813729375601
0.0025436419527977705
0.0026095444336533546
0.0026913080364465714
0.002761655719950795
0.0025868909433484077
0.0027506714686751366
0.002647706074640155
0.002742075128480792
0.002775411354377866
0.0027209303807467222
0.0025353364180773497
0.0026760222390294075
0.002691893372684717
0.002719312906265259
0.0026045269332826138
0.002563204849138856
0.002710179192945361
0.002766282530501485
0.0027157447766512632
0.0026989327743649483
0.0026560393162071705
0.0026225587353110313
0.002719289157539606
0.0026189794298261404
0.002689904300495982
0.002704354003071785
0.002676157047972083
0.002596211154013872
0.002647931221872568
0.0026464054826647043
0.002734361682087183
0.002644506748765707
0.0026928004808723927
0.00274547073058784
0.0025593668688088655
0.0026900330558419228
0.0027125885244458914
0.0027277173940092325
0.0026609927881509066
0.002713206922635436
0.0026096769142895937
0.002746459562331438
0.002671086462214589
0.0025972742587327957
0.002706417115405202
0.002751689637079835
0.002706927014514804
0.0026267394423484802
0.0026306603103876114
0.0026726070791482925
0.002624422311782837
0.0027818367816507816
0.0026895839255303144
0.0025601438246667385
0.002682361053302884
0.002683778991922736
0.002733194036409259
0.0026865112595260143
0.002607311587780714
0.0025346921756863594
0.0027022608555853367
0.002649408532306552
0.002641919767484069
0.0027074161916971207
0.0026547571178525686
0.002719064010307193
0.0026973390486091375
0.002693955088034272
0.0026337699964642525
0.002682357793673873
0.00269694859161973
0.002681274665519595
0.0028450465761125088
0.00263586756773293
0.0026670258957892656
0.0025681531988084316
0.002612045966088772
0.0027086057234555483
0.00262898625805974
0.0026692566461861134
0.0026512457989156246
0.0026338966563344
0.0026831580325961113
0.0027496861293911934
0.002653453964740038
0.0028665908612310886
0.0026657849084585905
0.0027044976595789194
0.002635418204590678
0.002654995070770383
0.002625270513817668
0.0027127417270094156
0.002773626707494259
0.002689832355827093
0.0025937706232070923
0.0026357427705079317
0.002738875336945057
0.0026829533744603395
0.002690632361918688
0.0028258722741156816
0.0025939815677702427
0.0027335667982697487
0.0026394056621938944
0.002634346252307296
0.0025319389533251524
0.0027140898164361715
0.0026631171349436045
0.002613492077216506
0.0026173859369009733
0.002593071199953556
0.002655314514413476
0.00255201687105
0.0026760781183838844
0.0025959473568946123
0.002743756165727973
0.0026165531016886234
0.0026925047859549522
0.0027522745076566935
0.0026144948787987232
0.0026877494528889656
0.002644785912707448
0.0027322033420205116
0.0026903271209448576
0.0025626029819250107
0.002714131260290742
0.002698414959013462
0.002662558574229479
0.002682617399841547
0.0026703043840825558
0.0026553920470178127
0.002594233490526676
0.0026983963325619698
0.0027216419111937284
0.0026456727646291256
0.00270664831623435
0.002650322625413537
0.0025779232382774353
0.0026884260587394238
0.0026036647614091635
0.0026037299539893866
0.002666069194674492
0.0026074349880218506
0.002667933003976941
0.0027308547869324684
0.0027578717563301325
0.0026696708519011736
0.002571691293269396
0.0027304980903863907
0.0025781583972275257
0.0026729018427431583
0.0026827892288565636
0.002747273538261652
0.0025991734582930803
0.0025674181524664164
0.0026450539007782936
0.002642279490828514
0.002614661818370223
0.002702370984479785
0.002775613684207201
0.0027148767840117216
0.002611563540995121
0.0026302975602447987
0.0026692489627748728
0.002711440436542034
0.002660969737917185
0.0026541673578321934
0.0026290935929864645
0.002636312274262309
0.002590607386082411
0.0026873501483350992
0.0026817938778549433
0.0026811608113348484
0.002643897430971265
0.002721290336921811
0.0026544344145804644
0.0027127880603075027
0.0025874581187963486
0.002764964709058404
0.002649953356012702
0.00268800207413733
0.0026348906103521585
0.002722818637266755
0.0026920882519334555
0.0026986857410520315
0.0025952563155442476
0.0027950515504926443
0.002703054342418909
0.002727887127548456
0.002643100917339325
0.0026438196655362844
0.002644442254677415
0.0026928929146379232
0.002638883190229535
0.0027438912075012922
0.002639980986714363
0.002609680872410536
0.0027496113907545805
0.0026232129894196987
0.002622534055262804
0.002764939097687602
0.00272329431027174
0.002630143193528056
0.002563083078712225
0.002732733264565468
0.0026408752892166376
0.0026852458249777555
0.0026668875943869352
0.0025805828627198935
0.0027418083045631647
0.002681280951946974
0.0026326871011406183
0.002581100445240736
0.0026332184206694365
0.0027478057891130447
0.0026259564328938723
0.002576116705313325
0.0026594114024192095
0.0026800772175192833
0.00276959128677845
0.0027555953711271286
0.002746561774984002
0.002614396857097745
0.002572619356215
0.002660743659362197
0.0027090662624686956
0.00278826174326241
0.002772722626104951
0.002693869173526764
0.002605950925499201
0.002674607327207923
0.0025419665034860373
0.0027348401490598917
0.002612914191558957
0.0025933568831533194
0.002701767720282078
0.002648176159709692
0.0026425556279718876
0.0026654908433556557
0.00256178411655128
0.0026091020554304123
0.002678898861631751
0.002644861349835992
0.0026010521687567234
0.002683808095753193
0.0026787559036165476
0.002685122424736619
0.0026779386680573225
0.002738953335210681
0.0026521245017647743
0.002632729010656476
0.002684357576072216
0.0026335776783525944
0.002704068785533309
0.002667283173650503
0.002668370958417654
0.0026801598723977804
0.002657853066921234
0.0025395131669938564
0.0025784068275243044
0.002601336222141981
0.002690491732209921
0.0025900518521666527
0.0026776420418173075
0.002554649021476507
0.0026411644648760557
0.0027141221798956394
0.0026097390800714493
0.00259573245421052
0.0026953264605253935
0.0026929453015327454
0.0025819120928645134
0.002700850134715438
0.0027486993931233883
0.0025954253505915403
0.0025814922992140055
0.0026380708441138268
0.0026781184133142233
0.0027580668684095144
0.002631761832162738
0.0027536514680832624
0.0026367432437837124
0.002650652779266238
0.002611025469377637
0.0026726939249783754
0.0027042985893785954
0.002604617504402995
0.002640719059854746
0.002661951584741473
0.0026484632398933172
0.002639446873217821
0.0025983110535889864
0.0025678640231490135
0.002809097757562995
0.0026880595833063126
0.002693015383556485
0.002694670343771577
0.0027403002604842186
0.0026275580748915672
0.002629372989758849
0.0026992824859917164
0.0026867929846048355
0.002677536103874445
0.002638386096805334
0.002643974032253027
0.0025940313935279846
0.0027370962779968977
0.0025806319899857044
0.0026895024348050356
0.002628322457894683
0.0026188825722783804
0.00255957106128335
0.0026278747245669365
0.0025661250110715628
0.0025891109835356474
0.002682108897715807
0.002703544218093157
0.0027378606610000134
0.0026387593243271112
0.0028222736436873674
0.002673749579116702
0.0025789407081902027
0.002781183458864689
0.0025729008484631777
0.0025896141305565834
0.002694453578442335
0.00264053069986403
0.0025569587014615536
0.0025546932592988014
0.002781130373477936
0.0027159538585692644
0.002675824100151658
0.002641190541908145
0.002610402414575219
0.0026029697619378567
0.0026485843118280172
0.002733125351369381
0.002604404464364052
0.0026134741492569447
0.0026247184723615646
0.002604593290016055
0.0025840341113507748
0.0025393066462129354
0.0026427635457366705
0.0027872826904058456
0.002693423070013523
0.0026477095670998096
0.0026069432497024536
0.0027935721445828676
0.002640744438394904
0.0026458739303052425
0.002788927173241973
0.002563139423727989
0.0026144948787987232
0.0025780010037124157
0.002552673453465104
0.002619312144815922
0.002629483351483941
0.0027293572202324867
0.002649495378136635
0.0025406302884221077
0.0026110943872481585
0.0027201040647923946
0.0026788990944623947
0.002564135706052184
0.0025898132007569075
0.0026303499471396208
0.002532688667997718
0.002652651397511363
0.0026949907187372446
0.0026280186139047146
0.0027562680188566446
0.0026818218175321817
0.00263055763207376
0.002757623791694641
0.0027685812674462795
0.002588678849861026
0.002625664696097374
0.002624356420710683
0.0026167293544858694
0.002667610067874193
0.00269905012100935
0.002566204871982336
0.0026756790466606617
0.0027147019281983376
0.0026015781331807375
0.0027523923199623823
0.0025626036804169416
0.002684413455426693
0.0028003263287246227
0.002553103491663933
0.0025535644963383675
0.0025737250689417124
0.0026475158520042896
0.0027062841691076756
0.002535654930397868
0.002673843875527382
0.002698727184906602
0.0025794608518481255
0.0026842779479920864
0.002683888655155897
0.002666906453669071
0.002738300943747163
0.0026788264513015747
0.0026332708075642586
0.002676547970622778
0.0026822732761502266
0.002731208223849535
0.002766708144918084
0.002585458802059293
0.002668099943548441
0.002636226359754801
0.002697826363146305
0.0026974447537213564
0.0026579489931464195
0.002676973585039377
0.0027178155723959208
0.002581970999017358
0.0027585222851485014
0.0026018680073320866
0.0027278882917016745
0.0027036110404878855
0.00263872928917408
0.0026483088731765747
0.002649064641445875
0.002698328113183379
0.0027145964559167624
0.002642786130309105
0.0026181070134043694
0.0025365084875375032
0.0026601054705679417
0.002529890276491642
0.0025589559227228165
0.002635328099131584
0.0025731876958161592
0.0025640339590609074
0.0026692685205489397
0.0026724431663751602
0.002619192935526371
0.0026293506380170584
0.002596332225948572
0.0025528594851493835
0.002700528595596552
0.0026135388761758804
0.002612093696370721
0.002607888076454401
0.0027432136703282595
0.0026742848567664623
0.002572734374552965
0.0026871701702475548
0.002644266001880169
0.002617279067635536
0.002640014048665762
0.002572813304141164
0.002622277708724141
0.0026948689483106136
0.0026516735088080168
0.002601908752694726
0.0026567706372588873
0.0026642116717994213
0.0026940384414047003
0.00257604056969285
0.002605356043204665
0.0026797596365213394
0.0027422341518104076
0.002565394388511777
0.0026799533516168594
0.00266546243801713
0.0025749618653208017
0.0027133249677717686
0.0026172806974500418
0.0025436612777411938
0.002669023349881172
0.00269123911857605
0.002638349775224924
0.002719269134104252
0.0026470255106687546
0.0026300293393433094
0.0026896456256508827
0.002702081808820367
0.002664211206138134
0.002695213072001934
0.002687599742785096
0.0027551413513720036
0.002808167366310954
0.002693809801712632
0.0026090105529874563
0.0026500180829316378
0.0025856418069452047
0.0027904934249818325
0.0026281143072992563
0.0026884046383202076
0.0027106786146759987
0.0027060597203671932
0.0027216789312660694
0.002676511649042368
0.0026460823137313128
0.002648463938385248
0.0026476699858903885
0.0026562127750366926
0.002762413350865245
0.0025690316688269377
0.0027001905255019665
0.002673086477443576
0.0027052992954850197
0.0026177596300840378
0.0026815717574208975
0.002605657558888197
0.002700937446206808
0.002702563302591443
0.002651223912835121
0.002582034096121788
0.0025534711312502623
0.0026505268178880215
0.002619759179651737
0.002615133533254266
0.0026256770361214876
0.002606026129797101
0.002559739165008068
0.002656590426340699
0.0026389816775918007
0.002538180910050869
0.002702212892472744
0.002518444089218974
0.0026171549689024687
0.00260470574721694
0.002617096994072199
0.0026937180664390326
0.0026697800494730473
0.0026403653901070356
0.0026565580628812313
0.0026538094971328974
0.002648901427164674
0.002789393998682499
0.002725796075537801
0.0026267427019774914
0.0026167910546064377
0.0026377288158982992
0.0026050088927149773
0.002569250762462616
0.0026271597016602755
0.0026587878819555044
0.0026902509853243828
0.002619836712256074
0.002669348381459713
0.00267951306886971
0.00262056733481586
0.0027203517965972424
0.0026904409751296043
0.0026419407222419977
0.002750389277935028
0.0027070960495620966
0.0026228949427604675
0.002575061982497573
0.0026197948027402163
0.0026678009890019894
0.0025697059463709593
0.0026808693073689938
0.0025863400660455227
0.002594898920506239
0.0025744435843080282
0.0026312144473195076
0.0026037374045699835
0.0025755546521395445
0.0026570565532892942
0.0026796176098287106
0.0025736575480550528
0.0025998642668128014
0.002705266699194908
0.0025434501003473997
0.0026449074503034353
0.0026945120189338923
0.0026046198327094316
0.0025174766778945923
0.0025834927801042795
0.0026843040250241756
0.002637215657159686
0.002632016781717539
0.0025850876700133085
0.002741824137046933
0.002620099810883403
0.0026209086645394564
0.002645819680765271
0.0025292402133345604
0.002656736643984914
0.002766277873888612
0.002570268465206027
0.0025803865864872932
0.00269325147382915
0.002631289651617408
0.0027660890482366085
0.002693012123927474
0.0026101686526089907
0.002664018888026476
0.0025986817199736834
0.002571699908003211
0.0026395076420158148
0.0024804440326988697
0.0026287504006177187
0.002593392739072442
0.0026214895769953728
0.0026160997804254293
0.00261112954467535
0.0027386308647692204
0.00261509302072227
0.002660531084984541
0.0026035329792648554
0.0026552549097687006
0.0026028435677289963
0.0026384254451841116
0.0026904577389359474
0.0025638609658926725
0.002670587506145239
0.002609808696433902
0.0025898355524986982
0.0026707116048783064
0.002699423348531127
0.002740550087764859
0.0026579112745821476
0.002610741648823023
0.00273028202354908
0.0026528090238571167
0.002650816459208727
0.002634140197187662
0.002647558692842722
0.0026574579533189535
0.002511568134650588
0.0026551270857453346
0.0027248659171164036
0.00276914332062006
0.0026319515891373158
0.002589794108644128
0.002655437681823969
0.0027829629834741354
0.0026110720355063677
0.002677803859114647
0.002719376003369689
0.0025425225030630827
0.0027516377158463
0.002596090082079172
0.0027120166923850775
0.0026406943798065186
0.0026274623814970255
0.002666381187736988
0.0026566442102193832
0.0026534178759902716
0.0026627026963979006
0.0025412426330149174
0.0026287108194082975
0.0026921993121504784
0.002542425412684679
0.0026189670898020267
0.002664734609425068
0.002602897584438324
0.0025928912218660116
0.0025166375562548637
0.0025936595629900694
0.002615136094391346
0.0025849160738289356
0.002794296946376562
0.0025810853112488985
0.0025640889070928097
0.0025913843419402838
0.0026567638851702213
0.002764947945252061
0.0025994370225816965
0.0026656026020646095
0.002682291204109788
0.002658572979271412
0.002666460582986474
0.0026230853982269764
0.002604549750685692
0.002572473371401429
0.002504485659301281
0.002606052439659834
0.002611575648188591
0.002670037792995572
0.002685588551685214
0.0025866669602692127
0.0026094894856214523
0.0026553135830909014
0.002719381358474493
0.0025473388377577066
0.0025963238440454006
0.002586575224995613
0.0026071607135236263
0.0026198551058769226
0.002609054557979107
0.002709438558667898
0.0026365702506154776
0.0027228379622101784
0.002745566423982382
0.0026050007436424494
0.0026177989784628153
0.002647561486810446
0.002682338934391737
0.0026454774197191
0.0026451796293258667
0.0026352894492447376
0.0025752547662705183
0.002507396275177598
0.002600037958472967
0.0026753318961709738
0.0026235689874738455
0.002681576879695058
0.0026050277519971132
0.0025881314650177956
0.0026928535662591457
0.0025359252467751503
0.0027649742551147938
0.0027066904585808516
0.002764184959232807
0.002534037921577692
0.0026485288981348276
0.002685630228370428
0.0026336738374084234
0.002606249414384365
0.0025881952606141567
0.002575706457719207
0.0026642179582268
0.0026811715215444565
0.002585379872471094
0.0025174131151288748
0.0026146364398300648
0.002638427307829261
0.0025525123346596956
0.002653065836057067
0.0026176078245043755
0.002590073738247156
0.002570226090028882
0.0026413658633828163
0.0026784250512719154
0.0026024102699011564
0.002624270971864462
0.0026156913954764605
0.002659374149516225
0.0026236549019813538
0.0026157882530242205
0.002671311143785715
0.002651715185493231
0.0027106779161840677
0.0027090490330010653
0.0026829144917428493
0.002673105336725712
0.0025601086672395468
0.0027059009298682213
0.0026786893140524626
0.0025020306929945946
0.002630377421155572
0.002476902212947607
0.0026285466738045216
0.00255971634760499
0.002572412136942148
0.002582932822406292
0.0026620267890393734
0.002510582562536001
0.002695320174098015
0.0025436750147491693
0.0026732473634183407
0.0026513782795518637
0.002704066690057516
0.0026862160302698612
0.0027084979228675365
0.0026545682922005653
0.0026777666062116623
0.00261904438957572
0.0024767331779003143
0.002649841830134392
0.0026693549007177353
0.002586936578154564
0.0027278652414679527
0.0027006706222891808
0.002628074260428548
0.0026365688536316156
0.00265172659419477
0.0025168750435113907
0.0025960044004023075
0.00264046061784029
0.002568157622590661
0.0026271576061844826
0.0026039499789476395
0.002593467477709055
0.0025790187064558268
0.0026794227305799723
0.0027011714410036802
0.002726522972807288
0.0026990114711225033
0.002656556898728013
0.002702616387978196
0.00262053613550961
0.0026427290868014097
0.0026107849553227425
0.0026598807889968157
0.0026293329428881407
0.0025289752520620823
0.0026365905068814754
0.0026660016737878323
0.002658195560798049
0.0026801342610269785
0.0026911792811006308
0.002659956458956003
0.002632410731166601
0.0025554609019309282
0.002479228423908353
0.0026071222964674234
0.0027175438590347767
0.0026836164761334658
0.0026971481274813414
0.0025761432480067015
0.0027128641959279776
0.0026218099519610405
0.002529008314013481
0.002607218688353896
0.0027264864183962345
0.002689129440113902
0.0026737640146166086
0.002685469575226307
0.00271927029825747
0.00271389982663095
0.0026605764869600534
0.002666046377271414
0.0025758210103958845
0.0026916880160570145
0.0026547748129814863
0.002691606292501092
0.0025356633123010397
0.0026342624332755804
0.0026430105790495872
0.0025981783401221037
0.0025915740989148617
0.0026460313238203526
0.0026950843166559935
0.0026573073118925095
0.0026583855506032705
0.002589658834040165
0.0026012854650616646
0.002633263124153018
0.002603444503620267
0.002554679289460182
0.0024910264182835817
0.0025994726456701756
0.00277280923910439
0.002556395484134555
0.0026073858607560396
0.0026466844137758017
0.002524410141631961
0.002510181860998273
0.002677902579307556
0.002695732517167926
0.0025350097566843033
0.002679964993149042
0.002673342591151595
0.002618631348013878
0.002651773625984788
0.0026610649656504393
0.0027130774687975645
0.0025853433180600405
0.002577392850071192
0.002618984552100301
0.0026855524629354477
0.0026143589057028294
0.002731207525357604
0.002564992057159543
0.0026621478609740734
0.0026000523939728737
0.002502507297322154
0.0025513363070786
0.0027192269917577505
0.0026512304320931435
0.0027042701840400696
0.0026396673638373613
0.0026346915401518345
0.0025922886561602354
0.0026357374154031277
0.0026751013938337564
0.002623403910547495
0.002719771582633257
0.002613556571304798
0.0025356668047606945
0.0025940320920199156
0.0026424929965287447
0.0025538301561027765
0.002621566876769066
0.0025891100522130728
0.0026021075900644064
0.0025448689702898264
0.002539424691349268
0.0025511381682008505
0.002596410922706127
0.002630306873470545
0.0026246425695717335
0.0027446735184639692
0.0026903057005256414
0.0026346095837652683
0.0026423982344567776
0.00256230216473341
0.002632405376061797
0.0026526045985519886
0.0026069649029523134
0.0025853016413748264
0.0026526502333581448
0.002603237284347415
0.0026266975328326225
0.0026470557786524296
0.0026982638519257307
0.0026299667079001665
0.002582970540970564
0.0027267085388302803
0.0026503687258809805
0.002672255039215088
0.0025616546627134085
0.002650636713951826
0.00253294687718153
0.002616242738440633
0.0025619345251470804
0.002599158091470599
0.002593027660623193
0.0026943066623061895
0.002526111900806427
0.002727508544921875
0.0026277205906808376
0.0026649185456335545
0.0025310353375971317
0.0026745954528450966
0.0026573154609650373
0.0026183428708463907
0.0025715443771332502
0.002646050648763776
0.0026839522179216146
0.0025854252744466066
0.0026890812441706657
0.0027264065574854612
0.002707568695768714
0.002710302360355854
0.002547843148931861
0.002747969701886177
0.002718767849728465
0.0026157244574278593
0.0026569657493382692
0.0025813470128923655
0.0025803304743021727
0.002722451463341713
0.002646113745868206
0.0026456930208951235
0.0025796627160161734
0.002686872845515609
0.0027213955763727427
0.0026451253797858953
0.0026682978495955467
0.002586068119853735
0.002568557858467102
0.0025677417870610952
0.0025506082456558943
0.002694935305044055
0.0026380964554846287
0.0026965346187353134
0.002543399343267083
0.002623735461384058
0.0025842187460511923
0.0025548115372657776
0.0026018403004854918
0.002631609793752432
0.0026518336962908506
0.0026294111739844084
0.002658778103068471
0.0026163270231336355
0.0025809311773627996
0.0026273143012076616
0.0025884041097015142
0.00262269820086658
0.0025868392549455166
0.0025737453252077103
0.002650942886248231
0.002568050054833293
0.002651394810527563
0.002629482187330723
0.0025399138685315847
0.0025829030200839043
0.002615922363474965
0.0027704304084181786
0.0025767982006073
0.0026521491818130016
0.002584420144557953
0.0024373051710426807
0.0026026361156255007
0.0024986250791698694
0.0026186893228441477
0.0026519345119595528
0.0026582456193864346
0.0025512806605547667
0.002622723812237382
0.0026395192835479975
0.0025862648617476225
0.002797318622469902
0.002660199301317334
0.0026293382979929447
0.0025916071608662605
0.0025338686536997557
0.0026817726902663708
0.002612069481983781
0.0026304051280021667
0.0025652761105448008
0.002609873656183481
0.0026307604275643826
0.0026332279667258263
0.002678940538316965
0.002599523402750492
0.002618240425363183
0.0026371905114501715
0.002614244120195508
0.0026373956352472305
0.002602610271424055
0.002572052413597703
0.002576925791800022
0.002539384411647916
0.0025938672479242086
0.002531517995521426
0.002637021942064166
0.002661527134478092
0.0026418708730489016
0.002531489823013544
0.002652758965268731
0.002608825219795108
0.0026528204325586557
0.002624868182465434
0.0026107097510248423
0.002654577838256955
0.0026289543602615595
0.0026215924881398678
0.0025980535428971052
0.002627329435199499
0.002621254650875926
0.0026759174652397633
0.0026221261359751225
0.002589680254459381
0.0026843694504350424
0.002707504667341709
0.00256961933337152
0.0024974148254841566
0.00254050106741488
0.002704726532101631
0.0027062161825597286
0.0025080975610762835
0.0026371488347649574
0.002550372388213873
0.0027067074552178383
0.0025762105360627174
0.0026868737768381834
0.0026753374841064215
0.0025785795878618956
0.002574540674686432
0.002453272696584463
0.0026098880916833878
0.002557644620537758
0.0026101276744157076
0.002733803354203701
0.002581734675914049
0.0027071302756667137
0.0026317101437598467
0.002633604919537902
0.0026101062539964914
0.0026126322336494923
0.0026795559097081423
0.0026270272210240364
0.0026137549430131912
0.0025852846447378397