0.006709157023578882
0.005992220714688301
0.0052251354791224
0.004527844488620758
0.004271105397492647
0.004156102426350117
0.004259530920535326
0.004171048291027546
0.00411116611212492
0.003812558250501752
0.003959380555897951
0.0037831824738532305
0.003658880479633808
0.0036223148927092552
0.0036273503210395575
0.0036802603863179684
0.003551856381818652
0.003663341049104929
0.0037835612893104553
0.003588602878153324
0.0035646322648972273
0.0035313768312335014
0.0035505027044564486
0.003589354222640395
0.003459664061665535
0.0035199306439608335
0.0035128905437886715
0.0034954906441271305
0.0033060135319828987
0.0034975812304764986
0.003398261731490493
0.003438505344092846
0.00340585527010262
0.0034777873661369085
0.0034614098258316517
0.0034236947540193796
0.0034803906455636024
0.0035137427039444447
0.0034336764365434647
0.003364371368661523
0.0032896348275244236
0.0033139106817543507
0.0033118524588644505
0.003314997535198927
0.003432158613577485
0.0032915817573666573
0.0033619136083871126
0.003296925686299801
0.0033581405878067017
0.0033527009654790163
0.003308887593448162
0.0032015349715948105
0.003270517336204648
0.003248126246035099
0.00327493017539382
0.003239726647734642
0.0031191895250231028
0.0033478920813649893
0.003327753162011504
0.00307893636636436
0.0032883710227906704
0.0034000524319708347
0.00323299178853631
0.0031544899102300406
0.00323755806311965
0.0032793169375509024
0.003102442715317011
0.003334030508995056
0.0032118805684149265
0.003163456916809082
0.0032449078280478716
0.0031917947344481945
0.003205518703907728
0.0031607584096491337
0.003200157079845667
0.0031181522645056248
0.003179691033437848
0.0032187122851610184
0.0031739368569105864
0.0031322063878178596
0.003204455366358161
0.0031832351814955473
0.003143931273370981
0.0031608205754309893
0.00315505126491189
0.0031596750486642122
0.0031776907853782177
0.0031552710570394993
0.0030073884408921003
0.0030701865907758474
0.0032123976852744818
0.003205937799066305
0.003151494078338146
0.0030573895201087
0.003157704370096326
0.003117410931736231
0.0030930284410715103
0.0030853990465402603
0.0031653379555791616
0.003105784999206662
0.003258926561102271
0.0031693335622549057
0.0031922361813485622
0.0032960146199911833
0.003118349937722087
0.0032102935947477818
0.0032175080850720406
0.0030815438367426395
0.0031180453952401876
0.003127741627395153
0.0031639107037335634
0.0030762695241719484
0.0030234341975301504
0.003068184945732355
0.002918948419392109
0.0029655799735337496
0.0031453175470232964
0.003100539557635784
0.0030356869101524353
0.0031863630283623934
0.002998421201482415
0.003002302022650838
0.003037697169929743
0.003103188006207347
0.00307068252004683
0.0031446870416402817
0.0029466566629707813
0.0030649867840111256
0.0031451049726456404
0.003006253857165575
0.003115051193162799
0.002997669391334057
0.0030417079105973244
0.003085214179009199
0.0030107221100479364
0.002887038281187415
0.003089484293013811
0.002956903539597988
0.0030780560337007046
0.003064864780753851
0.00296338670887053
0.0029187577310949564
0.0029994966462254524
0.0030220227781683207
0.0029637888073921204
0.003034560475498438
0.003003019606694579
0.00316467322409153
0.0030832234770059586
0.0030239271000027657
0.0030464932788163424
0.003004412865266204
0.00288264243863523
0.0030382927507162094
0.003086396958678961
0.0030600479803979397
0.0029741721227765083
0.0030552027747035027
0.0028987685218453407
0.003034256398677826
0.0029471737798303366
0.0029505696147680283
0.0029451092705130577
0.0029922465328127146
0.0029774752911180258
0.0029445879627019167
0.003042850410565734
0.0028903221245855093
0.003038103226572275
0.0029432722367346287
0.0029487491119652987
0.0029789453838020563
0.002914304146543145
0.0029332307167351246
0.0029622367583215237
0.0030224090442061424
0.00292562460526824
0.0028829670045524836
0.002932485891506076
0.002923957072198391
0.002872520126402378
0.0030242952052503824
0.003000077325850725
0.0028811716474592686
0.0028792964294552803
0.002999531337991357
0.003085467265918851
0.0029781737830489874
0.002885112538933754
0.003095731372013688
0.0028610792942345142
0.002934081247076392
0.0029804257210344076
0.0029782322235405445
0.003023755270987749
0.002972537185996771
0.002821726491674781
0.00288629112765193
0.002976438030600548
0.0031117021571844816
0.0029791463166475296
0.0029392559081315994
0.002899887040257454
0.0029556630179286003
0.0030116725247353315
0.002988744294270873
0.002896990394219756
0.002992811845615506
0.0028538089245557785
0.0028795385733246803
0.0029457102064043283
0.002890768926590681
0.0028855192940682173
0.0028272715862840414
0.002934172051027417
0.003063375595957041
0.0028418090660125017
0.0028857907745987177
0.002844044007360935
0.0028787977062165737
0.0030094811227172613
0.002888619899749756
0.0029427132103592157
0.0029697378631681204
0.0029861154034733772
0.002981157274916768
0.0027990371454507113
0.0029080179519951344
0.002996146911755204
0.0029269757214933634
0.002972961636260152
0.0028646441642194986
0.002966262400150299
0.0030150841921567917
0.0029151164926588535
0.002913306001573801
0.003007465275004506
0.002851686207577586
0.002970085246488452
0.002941646846011281
0.0028376460541039705
0.0028847234789282084
0.0029028186108917
0.002857643412426114
0.0028305414598435163
0.0029257740825414658
0.00289368093945086
0.0029557025991380215
0.0027797978837043047
0.002944529987871647
0.002927623689174652
0.002990911016240716
0.002867642557248473
0.002900118241086602
0.0029316269792616367
0.0028378379065543413
0.0030826639849692583
0.003023884491994977
0.0029331676196306944
0.0028600934892892838
0.002951818984001875
0.003045698394998908
0.002967315725982189
0.0027586850337684155
0.0029645198956131935
0.0029557759407907724
0.002942570485174656
0.002918387297540903
0.0028309302870184183
0.0028355028480291367
0.0029587747994810343
0.002870966447517276
0.002905681962147355
0.002925886306911707
0.002885662019252777
0.002895250217989087
0.002957039512693882
0.002859229687601328
0.002860173350200057
0.0028848391957581043
0.002810235833749175
0.0029456510674208403
0.002773927990347147
0.002754330402240157
0.0028885570354759693
0.0028574985917657614
0.0029073881451040506
0.0027749647852033377
0.0028858219739049673
0.0028900187462568283
0.002784591866657138
0.002891101874411106
0.002973293885588646
0.0028393673710525036
0.002786993281915784
0.002847740426659584
0.0029023278038948774
0.0028238571248948574
0.002930417424067855
0.002828927943482995
0.002790571190416813
0.002901378320530057
0.00287201558239758
0.002921963343396783
0.002919356571510434
0.002866140566766262
0.0027336059138178825
0.0029212532099336386
0.002870697295293212
0.0027917162515223026
0.0029024749528616667
0.002887020818889141
0.0028690791223198175
0.0028149187564849854
0.002775290049612522
0.0028739802073687315
0.002895626239478588
0.002793380990624428
0.002953417832031846
0.0029147558379918337
0.0028362369630485773
0.0029056724160909653
0.0029297233559191227
0.002754253102466464
0.0029610437341034412
0.0028279265388846397
0.0029324800707399845
0.002892219927161932
0.0028695377986878157
0.002856740029528737
0.0028700686525553465
0.0028650411404669285
0.0027784809935837984
0.002819488989189267
0.002988460473716259
0.0027425005100667477
0.0028486717492341995
0.0029397800099104643
0.002842654474079609
0.002846670337021351
0.00297350506298244
0.0028644888661801815
0.0029723988845944405
0.0027992569375783205
0.002836705418303609
0.002808009274303913
0.002839046996086836
0.002870217664167285
0.002896396443247795
0.002854256657883525
0.00293380836956203
0.0029013296589255333
0.002931759459897876
0.0028556082397699356
0.0027551925741136074
0.002801992231979966
0.002846811432391405
0.00279803154990077
0.002868667244911194
0.002766984049230814
0.0028480810578912497
0.0028146598488092422
0.0026709812227636576
0.0027609262615442276
0.00285511976107955
0.0027596347499638796
0.0028735934756696224
0.0027879648841917515
0.0027617511805146933
0.0027113379910588264
0.002827780321240425
0.002850026823580265
0.0027421503327786922
0.002753357868641615
0.0028842089232057333
0.0028852429240942
0.003039070637896657
0.00285809556953609
0.0029077772051095963
0.002788309706375003
0.002843311754986644
0.0028457187581807375
0.002766566351056099
0.0028296008240431547
0.0027961265295743942
0.0029427451081573963
0.002847405383363366
0.0028361137956380844
0.0028201937675476074
0.0028655666392296553
0.0028611731249839067
0.0027966927736997604
0.002811549697071314
0.002850290620699525
0.002761936280876398
0.002787805860862136
0.002834184095263481
0.0029981988482177258
0.002856050617992878
0.0028637938667088747
0.0028556573670357466
0.0028765425086021423
0.0028392483945935965
0.002863742411136627
0.0028754023369401693
0.0028102905489504337
0.002814552281051874
0.0028170717414468527
0.0027634226717054844
0.002857793355360627
0.0029504946433007717
0.002763975178822875
0.0028637677896767855
0.0028019817546010017
0.0027692262083292007
0.0027822377160191536
0.002886375179514289
0.002787861507385969
0.002850872930139303
0.0028863984625786543
0.002856714418157935
0.0029199428390711546
0.0027974301483482122
0.002805831143632531
0.0028815101832151413
0.002811748068779707
0.00279890070669353
0.0028281693812459707
0.0028548622503876686
0.002828215016052127
0.002828718163073063
0.0027148621156811714
0.0029153525829315186
0.0027998171281069517
0.0028502847999334335
0.0027756060007959604
0.0028877020813524723
0.0028770321514457464
0.0027524044271558523
0.0028384251054376364
0.0028256159275770187
0.002782246796414256
0.0028293398208916187
0.002636010991409421
0.0027990660164505243
0.002946116728708148
0.0028076833114027977
0.0027366741560399532
0.002763182856142521
0.0028518587350845337
0.002751409774646163
0.0027536528650671244
0.0027817212976515293
0.00278501957654953
0.0029025087133049965
0.0029125926084816456
0.002686481224372983
0.002773999236524105
0.0028738335240632296
0.002807416021823883
0.0028053424321115017
0.0028713231440633535
0.002808231394737959
0.0027188793756067753
0.002676925854757428
0.0026750201359391212
0.0027872417122125626
0.002832114463672042
0.002729924861341715
0.0027150248643010855
0.00271356338635087
0.0028547742404043674
0.0027123121544718742
0.0028221746906638145
0.002911827526986599
0.002722528064623475
0.002804748946800828
0.002878862898796797
0.0028165089897811413
0.002821363275870681
0.0027678217738866806
0.0028041687328368425
0.0027722714003175497
0.002740580355748534
0.002796594751998782
0.0027836179360747337
0.0028680928517132998
0.0027572743128985167
0.0028434174600988626
0.0027092769742012024
0.0027482686564326286
0.0026891985908150673
0.002703871112316847
0.0027682273648679256
0.002864007605239749
0.0027746623381972313
0.0027286396361887455
0.0028324478771537542
0.002733327215537429
0.00281652994453907
0.002862233202904463
0.0028325822204351425
0.00285995751619339
0.0027277832850813866
0.002715056762099266
0.0028396896086633205
0.0027781499084085226
0.0026503733824938536
0.0027953425887972116
0.002725927857682109
0.0028620639350265265
0.002733014291152358
0.0027302335947752
0.002731074346229434
0.002811201848089695
0.00277711427770555
0.002820298308506608
0.0027698290068656206
0.0027674424927681684
0.0027279555797576904
0.0027120483573526144
0.0027583998162299395
0.002842720365151763
0.002754991641268134
0.002745859557762742
0.0027521902229636908
0.002810047473758459
0.0029152422212064266
0.0027698082849383354
0.0027271006256341934
0.0027745699044317007
0.002695007249712944
0.002751837018877268
0.0027488807681947947
0.002721087308600545
0.002827761461958289
0.002742112847045064
0.002769479062408209
0.002798704197630286
0.002729954430833459
0.0027206421364098787
0.0026927918661385775
0.002838657470420003
0.0026854481548070908
0.0028144230600446463
0.002786683151498437
0.002749853068962693
0.002820841735228896
0.0027672380674630404
0.00285075674764812
0.0027309185825288296
0.0028093289583921432
0.002805812284350395
0.0027017248794436455
0.002747295191511512
0.0027234554290771484
0.00279169506393373
0.0028214668855071068
0.002777931746095419
0.0027321530506014824
0.0028286930173635483
0.002876274986192584
0.0027446430176496506
0.0027363619301468134
0.0026738098822534084
0.0028992085717618465
0.0027380445972085
0.002619743114337325
0.002787469420582056
0.0027803999837487936
0.002781952265650034
0.0027391056064516306
0.0028199406806379557
0.002766258781775832
0.0028110980056226254
0.0027769452426582575
0.002847728319466114
0.002714594593271613
0.0027047654148191214
0.002701782388612628
0.0027156684082001448
0.002789329504594207
0.00287413876503706
0.0027642908971756697
0.00286502530798316
0.0028797758277505636
0.00281565822660923
0.0028079268522560596
0.002749695209786296
0.0026682158932089806
0.002715278882533312
0.0027497699484229088
0.0026964435819536448
0.0027382043190300465
0.0026841694489121437
0.002803562209010124
0.0027349605225026608
0.002938322490081191
0.0028537483885884285
0.002744157798588276
0.002775889355689287
0.002748304046690464
0.002723352052271366
0.0027305707335472107
0.0028683114796876907
0.0028085375670343637
0.002779321977868676
0.0027903346344828606
0.002837532665580511
0.002596316859126091
0.0028627649880945683
0.002821490168571472
0.002813983941450715
0.0027560177259147167
0.002805982483550906
0.00273280986584723
0.0027655521407723427
0.0028556929901242256
0.00277600041590631
0.002769682789221406
0.0026311338879168034
0.002756128553301096
0.00261887488886714
0.0026816048193722963
0.0028586911503225565
0.0027150099631398916
0.002736031310632825
0.0028683138079941273
0.002716537332162261
0.0027894831728190184
0.0027235967572778463
0.0026653697714209557
0.0026489978190511465
0.0027474125381559134
0.0027920121792703867
0.002715800190344453
0.0028664679266512394
0.0027503431774675846
0.002737396862357855
0.0027622217312455177
0.0026577997487038374
0.0026940545067191124
0.0026874614413827658
0.0027589485980570316
0.0028279467951506376
0.002730096224695444
0.002692945534363389
0.0027356783393770456
0.002682202262803912
0.0026565026491880417
0.0027672904543578625
0.0029620802961289883
0.0027608659584075212
0.002781816991046071
0.0027106681372970343
0.0027726986445486546
0.00269993394613266
0.002844543196260929
0.0027555269189178944
0.002713802270591259
0.002697320654988289
0.0027306315023452044
0.0027825674042105675
0.002784818410873413
0.0027819613460451365
0.0027101554442197084
0.002722874516621232
0.0027533958200365305
0.002689193468540907
0.0027973768301308155
0.0028128954581916332
0.0028334674425423145
0.002771852072328329
0.0026687958743423223
0.002772319596260786
0.002735101617872715
0.002701797755435109
0.0027928685303777456
0.0028016928117722273
0.002663496183231473
0.0028570517897605896
0.00270281545817852
0.0026923336554318666
0.0027122879400849342
0.0027158537413924932
0.002788037760183215
0.002768672304227948
0.0026893517933785915
0.00278576766140759
0.002734580310061574
0.0027262670919299126
0.0028002620674669743
0.0026872947346419096
0.002802265342324972
0.0027477964758872986
0.002712532179430127
0.0027679852209985256
0.002824363298714161
0.0027401617262512445
0.002756016328930855
0.0027539764996618032
0.0028053626883774996
0.0027559411246329546
0.002760371658951044
0.0027254787273705006
0.002689321991056204
0.0027062371373176575
0.0026651506777852774
0.002758971182629466
0.0027453566435724497
0.0027865830343216658
0.0027322121895849705
0.0027142222970724106
0.0026997390668839216
0.002808754099532962
0.0027161678299307823
0.0027678371407091618
0.0027479154523462057
0.002675468334928155
0.002721562748774886
0.002687155967578292
0.0027264421805739403
0.0027959656435996294
0.002764810109511018
0.00274908565916121
0.002757709939032793
0.002704113721847534
0.002813092665746808
0.0028317507822066545
0.0027819350361824036
0.0027742155361920595
0.002819573041051626
0.0026464974507689476
0.002732051070779562
0.002729392610490322
0.002832460682839155
0.002701904159039259
0.0027222312055528164
0.002821963978931308
0.002695915289223194
0.002672838279977441
0.002717948518693447
0.0027156120631843805
0.0027846377342939377
0.002866206457838416
0.0027240526396781206
0.002738758223131299
0.0027336173225194216
0.00275248009711504
0.002692188834771514
0.002778757829219103
0.002792319282889366
0.0027305346447974443
0.0027131089009344578
0.002741520991548896
0.0027062466833740473
0.002780416514724493
0.002804973628371954
0.002767902100458741
0.002765985205769539
0.002747863531112671
0.0027620848268270493
0.002636140212416649
0.002761125797405839
0.002738687675446272
0.002707800595089793
0.0027426225133240223
0.0027064906898885965
0.002682929625734687
0.0028161148075014353
0.002696765586733818
0.0027565574273467064
0.0027879064437001944
0.002621348248794675
0.002683554543182254
0.0027951470110565424
0.002655544551089406
0.002751253778114915
0.0027979242149740458
0.0027444118168205023
0.002795583801344037
0.00282396306283772
0.002649566624313593
0.002811957383528352
0.002678884658962488
0.0027683705557137728
0.0026229890063405037
0.0027667349204421043
0.0026821899227797985
0.002765268785879016
0.0026754511054605246
0.002789611229673028
0.0028596154879778624
0.002710409462451935
0.002779630711302161
0.002705593593418598
0.0026351672131568193
0.002631991170346737
0.002762565389275551
0.0027306831907480955
0.002624297747388482
0.0027129631489515305
0.0027571935206651688
0.0027369805611670017
0.002774268388748169
0.0027534598484635353
0.0026259878650307655
0.0028003526385873556
0.002696715295314789
0.002746826969087124
0.002809413941577077
0.0028046732768416405
0.0027276799082756042
0.0027222398202866316
0.0026402391958981752
0.002631561132147908
0.0027283267118036747
0.002747640013694763
0.0026453060563653708
0.0027115028351545334
0.002685409737750888
0.0026973136700689793
0.002757885493338108
0.0026683358009904623
0.0027284156531095505
0.002862986410036683
0.002650257432833314
0.0028082646895200014
0.0027201445773243904
0.002722030971199274
0.002650762442499399
0.002789975143969059
0.002740793628618121
0.0026959541719406843
0.0027346245478838682
0.002816550200805068
0.0027415009681135416
0.0026632877998054028
0.0026879520155489445
0.0027289174031466246
0.0027385440189391375
0.002707761712372303
0.00267242849804461
0.002872573444619775
0.0028142479714006186
0.002751401625573635
0.0027831876650452614
0.0027494195383042097
0.0028068942483514547
0.0026808970142155886
0.0026449996512383223
0.0027034354861825705
0.0026556458324193954
0.002731140237301588
0.002604555105790496
0.0027552403043955564
0.0026960393879562616
0.0028717361856251955
0.0026957744266837835
0.0026952207554131746
0.002714560367166996
0.002815393265336752
0.0026526569854468107
0.00272875907830894
0.002687276341021061
0.002750897780060768
0.0026735507417470217
0.0026513596531003714
0.002731773303821683
0.00272201607003808
0.0026846088003367186
0.0026909157168120146
0.002654053270816803
0.002648472785949707
0.002764069940894842
0.0027339605148881674
0.002730944426730275
0.002752950880676508
0.0027048957999795675
0.0026883622631430626
0.002715185284614563
0.0027403279673308134
0.0026605778839439154
0.0027655530720949173
0.002762328600510955
0.002740972675383091
0.0028253248892724514
0.0026861762162297964
0.002730934415012598
0.002829780336469412
0.0028460780158638954
0.0027157654985785484
0.0027522295713424683
0.002662324346601963
0.0027169964741915464
0.002645063679665327
0.00271179829724133
0.00263307336717844
0.002674772636964917
0.0026783922221511602
0.0027105894405394793
0.0026946256402879953
0.0029207682237029076
0.0026866684202104807
0.0026854011230170727
0.0026369444094598293
0.0026500490494072437
0.002744730096310377
0.002653299830853939
0.0027693500742316246
0.002628230955451727
0.0026868702843785286
0.0026648833882063627
0.0028593644965440035
0.002703351667150855
0.002604610286653042
0.0027097242418676615
0.002695708069950342
0.0027609795797616243
0.0027450257912278175
0.0027234384324401617
0.0027259397320449352
0.0027596058789640665
0.0027323858812451363
0.002741181757301092
0.002811976708471775
0.002824382157996297
0.0027168714441359043
0.0028195115737617016
0.0026565580628812313
0.0027035141829401255
0.002631027717143297
0.0026860602665692568
0.0027531269006431103
0.0027372369077056646
0.0025885943323373795
0.0026476397179067135
0.002729750471189618
0.002794327214360237
0.002619581762701273
0.002783545758575201
0.002683113794773817
0.0027813229244202375
0.0028065615333616734
0.002769468119367957
0.0025747762992978096
0.0027186167426407337
0.0027320298831909895
0.002769746817648411
0.002648746594786644
0.002601523417979479
0.0027506134938448668
0.002796558430418372
0.0027541967574507
0.002742309821769595
0.002693959278985858
0.0026626104954630136
0.0027600324247032404
0.002666287822648883
0.0027301267255097628
0.0027515634428709745
0.002711734501644969
0.0026288593653589487
0.002682342892512679
0.0026873713359236717
0.0027814628556370735
0.002686140825971961
0.002735266461968422
0.0027846386656165123
0.0026029557920992374
0.0027425221633166075
0.0027461552526801825
0.002755199559032917
0.002690002555027604
0.0027601199690252542
0.002643428510054946
0.0027846405282616615
0.002703925594687462
0.0026366650126874447
0.0027488083578646183
0.00279768998734653
0.0027420378755778074
0.0026648917701095343
0.002672032918781042
0.0027191254775971174
0.0026711206883192062
0.0028227735310792923
0.0027315139304846525
0.002598397433757782
0.0027232146821916103
0.0027189902029931545
0.002776404609903693
0.002732333028689027
0.0026545310392975807
0.0025777053087949753
0.0027499920688569546
0.0026843049563467503
0.002672316040843725
0.0027524533215910196
0.0026956081856042147
0.0027557401917874813
0.0027547799982130527
0.002736002206802368
0.0026714405976235867
0.0027201282791793346
0.002733311615884304
0.0027154400013387203
0.002899531042203307
0.002678405027836561
0.002702064113691449
0.002603041473776102
0.002654705662280321
0.0027440725825726986
0.0026806595269590616
0.002714380854740739
0.002689437009394169
0.002668650820851326
0.002742382697761059
0.0027907206676900387
0.0027039283886551857
0.0029033292084932327
0.002698403550311923
0.0027497904375195503
0.0026777645107358694
0.0027030378114432096
0.002671574940904975
0.0027560985181480646
0.0028121769428253174
0.002725179772824049
0.0026287510991096497
0.0026817801408469677
0.0027936859987676144
0.002728787250816822
0.0027307963464409113
0.002871878445148468
0.0026261010207235813
0.002779580419883132
0.002688842359930277
0.002679591765627265
0.002560328459367156
0.0027654198929667473
0.002698200987651944
0.002659359248355031
0.00264452095143497
0.002628396265208721
0.002683796687051654
0.0025928160175681114
0.0027241003699600697
0.002636940451338887
0.002787755336612463
0.0026543515268713236
0.0027297688648104668
0.0027896349783986807
0.0026489198207855225
0.0027224875520914793
0.002683281200006604
0.002771735191345215
0.0027302803937345743
0.002593353157863021
0.0027553194668143988
0.002733873203396797
0.0027010708581656218
0.0027246547397226095
0.0027111428789794445
0.0027013621293008327
0.0026306018698960543
0.0027355069760233164
0.002773663029074669
0.002691724570468068
0.0027561974711716175
0.0026798879262059927
0.0026192464865744114
0.002731398679316044
0.0026413104496896267
0.0026370850391685963
0.002695562317967415
0.0026544996071606874
0.0026983297429978848
0.0027733573224395514
0.0028004783671349287
0.002704824320971966
0.0026152462232857943
0.0027693957090377808
0.002625122433528304
0.002714596688747406
0.002736759837716818
0.002772121923044324
0.0026452771853655577
0.0026000505313277245
0.0026902640238404274
0.0026919736992567778
0.0026579289697110653
0.002746900310739875
0.0028189157601445913
0.002765356795862317
0.002654933836311102
0.002673062030225992
0.002712079556658864
0.0027584244962781668
0.0026968163438141346
0.0027033609803766012
0.0026627981569617987
0.002678724005818367
0.0026313120033591986
0.0027211823035031557
0.0027189285028725863
0.002725721802562475
0.002687283093109727
0.0027530589140951633
0.0026909238658845425
0.002756931819021702
0.002620223443955183
0.0028052544221282005
0.0026950323954224586
0.0027349379379302263
0.002681101905182004
0.0027554864063858986
0.0027284789830446243
0.0027250112034380436
0.002640950493514538
0.002840409055352211
0.0027446311432868242
0.002764712320640683
0.002688007429242134
0.0026773298159241676
0.0026814171578735113
0.002724392805248499
0.002680322853848338
0.002780227456241846
0.002672740025445819
0.0026383674703538418
0.0027788225561380386
0.002664133906364441
0.002655202988535166
0.0028016481082886457
0.0027598333545029163
0.002665245207026601
0.002615980803966522
0.002777051879093051
0.002684385748580098
0.002737052971497178
0.002696393523365259
0.0026119109243154526
0.002778721507638693
0.00273046619258821
0.002677378011867404
0.002614229219034314
0.0026649460196495056
0.0027814158238470554
0.00266734859906137
0.002612828277051449
0.0027078730054199696
0.0027233355212956667
0.0028104933444410563
0.0027699682395905256
0.0027668443508446217
0.0026392650324851274
0.002609746530652046
0.002701848978176713
0.002745974576100707
0.002821518573909998
0.002806694246828556
0.0027110478840768337
0.0026381013449281454
0.0027156458236277103
0.002590660937130451
0.0027846014127135277
0.002652287483215332
0.0026318486779928207
0.002744766417890787
0.0027020827401429415
0.0026750972028821707
0.0027237259782850742
0.0026165368035435677
0.0026482874527573586
0.0026970133185386658
0.002677782205864787
0.00264111440628767
0.002720337128266692
0.0027212968561798334
0.0027354347985237837
0.0027179389726370573
0.002777638379484415
0.0027002755086869
0.002673405921086669
0.0027256477624177933
0.0026791454292833805
0.002744231140241027
0.002705010585486889
0.0027028319891542196
0.002721731085330248
0.0027061267755925655
0.0025787956546992064
0.0026167442556470633
0.0026382168289273977
0.0027222507633268833
0.0026261978782713413
0.0027327800635248423
0.002584081841632724
0.0026847904082387686
0.002762972377240658
0.0026542579289525747
0.0026428005658090115
0.002738372189924121
0.002746602287515998
0.0026195142418146133
0.0027279513888061047
0.0027913572266697884
0.0026398904155939817
0.002614365890622139
0.002673041308298707
0.002713412744924426
0.002812435617670417
0.0026695921551436186
0.002796642715111375
0.0026673292741179466
0.0026996165979653597
0.0026449752040207386
0.002700377721339464
0.0027493226807564497
0.0026471957098692656
0.002672468079254031
0.0027027158066630363
0.002694422844797373
0.0026764092035591602
0.0026373628061264753
0.002616584300994873
0.0028586529660969973
0.0027255157474428415
0.0027395591605454683
0.002733164234086871
0.002785980934277177
0.0026748687960207462
0.002672675298526883
0.0027502570301294327
0.0027343141846358776
0.0027067232877016068
0.002674223156645894
0.00268197082914412
0.0026268030051141977
0.002780147595331073
0.002602787921205163
0.0027210256084799767
0.0026952270418405533
0.0026553624775260687
0.002604073379188776
0.0026795717421919107
0.002617986174300313
0.002629101974889636
0.0027313572354614735
0.002742747077718377
0.0027800360694527626
0.002672655275091529
0.0028877975419163704
0.0027052813675254583
0.002618025755509734
0.00281713274307549
0.002607392380014062
0.002630279865115881
0.0027439421974122524
0.002687995322048664
0.0026037206407636404
0.002595385303720832
0.0028225984424352646
0.0027599192690104246
0.0027263378724455833
0.0026837873738259077
0.002643402200192213
0.0026717870496213436
0.0026911809109151363
0.002781868213787675
0.0026510918978601694
0.0026603355072438717
0.0026705656200647354
0.0026450410950928926
0.002630121074616909
0.0025779905263334513
0.0026793181896209717
0.002801106311380863
0.002720904303714633
0.002690138528123498
0.0026575415395200253
0.002828657627105713
0.0026823992375284433
0.002691233530640602
0.0028316080570220947
0.0026076636277139187
0.0026488422881811857
0.0026213633827865124
0.002592063043266535
0.002658938756212592
0.0026775612495839596
0.0027686443645507097
0.002717663999646902
0.002580715110525489
0.0026686731725931168
0.002756195142865181
0.002710143569856882
0.002627092646434903
0.002623864682391286
0.002676052739843726
0.0025685757864266634
0.0026982249692082405
0.0027262119110673666
0.0026673241518437862
0.002791294362396002
0.0027252044528722763
0.002665815642103553
0.002785526216030121
0.0028072192799299955
0.002625819528475404
0.0026581170968711376
0.002655444201081991
0.002672965172678232
0.002710231812670827
0.00273904949426651
0.0025978663470596075
0.0027164281345903873
0.0027545096818357706
0.0026487072464078665
0.0027878317050635815
0.00260340073145926
0.0027099994476884604
0.002837127074599266
0.0025870585814118385
0.002592297736555338
0.0026167782489210367
0.002704035956412554
0.002747254678979516
0.0025705292355269194
0.002708542626351118
0.0027483522426337004
0.002623022999614477
0.0027217853348702192
0.0027157983276993036
0.0027046704199165106
0.002783507341518998
0.0027046981267631054
0.002670503919944167
0.0027140567544847727
0.0027245567180216312
0.00278669036924839
0.002806195290759206
0.002621447667479515
0.0027085053734481335
0.0026767111849039793
0.0027359770610928535
0.002738919574767351
0.0026902176905423403
0.0027219068724662066
0.0027698019985109568
0.0026155973318964243
0.002797673922032118
0.0026417735498398542
0.0027664569206535816
0.0027457510586827993
0.002671001246199012
0.0026886435225605965
0.0026905564591288567
0.002741876058280468
0.0027931586373597383
0.0026797521859407425
0.002652499359101057
0.0025692698545753956
0.0027046608738601208
0.0025671455077826977
0.002597284968942404
0.002673400565981865
0.0026087381411343813
0.0026029867585748434
0.0027032981161028147
0.002708734478801489
0.0026668852660804987
0.0026722571346908808
0.0026307362131774426
0.0025898811873048544
0.0027522360906004906
0.002656830009073019
0.002652857918292284
0.002655560616403818
0.002829784993082285
0.002714024158194661
0.0026209065690636635
0.0027351223398
0.002677999436855316
0.0026565142907202244
0.002679572906345129
0.002615199191495776
0.0026534153148531914
0.0027331530582159758
0.002693092916160822
0.0026340705808252096
0.002696756972000003
0.0027140378952026367
0.0027364010456949472
0.002607327187433839
0.0026350384578108788
0.0027207068633288145
0.002786972327157855
0.0025967031251639128
0.0027238884940743446
0.002711142646148801
0.002607082948088646
0.002754711313173175
0.0026600235141813755
0.0025913510471582413
0.0027258754707872868
0.0027372005861252546
0.002670059446245432
0.002765506273135543
0.002685251645743847
0.0026978023815900087
0.0027352115139365196
0.0027422031853348017
0.0027142600156366825
0.0027427931781858206
0.002719502430409193
0.0027738274075090885
0.002850709017366171
0.0027318615466356277
0.0026448103599250317
0.002680269768461585
0.002632980700582266
0.002852882258594036
0.0026636163238435984
0.002736405935138464
0.00274000340141356
0.0027744071558117867
0.00276626436971128
0.002704675542190671
0.002704830840229988
0.0026980163529515266
0.0026880076620727777
0.0026877757627516985
0.002797074383124709
0.0026216390542685986
0.0027394124772399664
0.002720287535339594
0.0027625143993645906
0.002657936420291662
0.0027160802856087685
0.002654570620507002
0.002758490853011608
0.0027375638019293547
0.0026876574847847223
0.0026259657461196184
0.0025815858971327543
0.002683857688680291
0.0026568023022264242
0.002667640335857868
0.002678370801731944
0.002654367359355092
0.00260220468044281
0.0026946545112878084
0.002679306548088789
0.0025723425205796957
0.002743619494140148
0.0025756615214049816
0.0026517361402511597
0.002644434804096818
0.0026600074488669634
0.0027332603931427
0.002713513560593128
0.002681674901396036
0.0026985453441739082
0.0026993337087333202
0.002700853394344449
0.0028266117442399263
0.0027569669764488935
0.0026694475673139095
0.0026540502440184355
0.0026860570069402456
0.0026405835524201393
0.002611782168969512
0.002666887128725648
0.0026694771368056536
0.002717271214351058
0.0026604800950735807
0.00271744467318058
0.0027189506217837334
0.0026530318427830935
0.0027630459517240524
0.002727686194702983
0.0026952913030982018
0.0027977561112493277
0.002741933101788163
0.0026659166906028986
0.0026081381365656853
0.002657323144376278
0.0027009097393602133
0.002617490477859974
0.002726373728364706
0.002624897053465247
0.0026480478700250387
0.002611414762213826
0.00266842870041728
0.00262892572209239
0.00262194755487144
0.0026993518695235252
0.0027565457858145237
0.0026113009080290794
0.0026432431768625975
0.002764807315543294
0.002586200600489974
0.0026829964481294155
0.00272454135119915
0.002645842032507062
0.0025585275143384933
0.0026327562518417835
0.0027333644684404135
0.002675421768799424
0.0026712750550359488
0.002614467404782772
0.0027888345066457987
0.0026597147807478905
0.002661066362634301
0.002689691726118326
0.002567554358392954
0.0026886912528425455
0.0028071850538253784
0.002605747664347291
0.002627632115036249
0.002730383537709713
0.002666663844138384
0.002795612905174494
0.0027434634976089
0.0026423672679811716
0.0026903606485575438
0.002627304755151272
0.0026124350260943174
0.002674173330888152
0.002515064086765051
0.0026742892805486917
0.0026305189821869135
0.002659349236637354
0.0026491405442357063
0.0026462613604962826
0.002772839041426778
0.002652892144396901
0.0027038324624300003
0.0026431861333549023
0.002687569474801421
0.002631761133670807
0.00267886184155941
0.0027253618463873863
0.002602336462587118
0.002711037639528513
0.0026494190096855164
0.0026375732850283384
0.002728032413870096
0.002740532159805298
0.002777799731120467
0.002695396775379777
0.002650466514751315
0.002770350081846118
0.002691675443202257
0.0027059295680373907
0.002672503236681223
0.0026830255519598722
0.002700593788176775
0.002541809342801571
0.0026970035396516323
0.002782385563477874
0.0028155059553682804
0.0026664796750992537
0.002638578414916992
0.002713854657486081
0.002814967418089509
0.00265145068988204
0.002729694824665785
0.0027552067767828703
0.002579274820163846
0.0027934012468904257
0.0026375141460448503
0.002747557358816266
0.002688799984753132
0.0026667562779039145
0.0027034166269004345
0.0026978529058396816
0.002729910658672452
0.0026904973201453686
0.002579584950581193
0.0026473081670701504
0.0027190521359443665
0.002570889890193939
0.0026627806946635246
0.0027069116476923227
0.0026354873552918434
0.002631820971146226
0.002550019882619381
0.002637287601828575
0.00265450868755579
0.0026248754002153873
0.002845859620720148
0.002619201550260186
0.0025987860281020403
0.002622459549456835
0.00270048133097589
0.002799276728183031
0.0026332265697419643
0.0027161934413015842
0.0027148714289069176
0.0026869371067732573
0.0027243634685873985
0.0026658056303858757
0.0026453814934939146
0.002604639157652855
0.0025480359327048063
0.0026456275954842567
0.002642022678628564
0.002705217571929097
0.0027316976338624954
0.0026236691046506166
0.002641022438183427
0.002688055392354727
0.002759390277788043
0.002580908127129078
0.0026437947526574135
0.0026317420415580273
0.002647658344358206
0.0026666962075978518
0.002637603087350726
0.0027522891759872437
0.0026737654116004705
0.0027744092512875795
0.002782640513032675
0.0026318274904042482
0.002653644420206547
0.0026997558306902647
0.002718931995332241
0.00267974310554564
0.002701064571738243
0.002677447162568569
0.0026115700602531433
0.002543168608099222
0.002639488782733679
0.0027278191410005093
0.0026657450944185257
0.002722775097936392
0.002637394005432725
0.002630854956805706
0.00274323346093297
0.0025705022271722555
0.0028005647473037243
0.00273947324603796
0.002804459072649479
0.002577093429863453
0.002678901655599475
0.0027152032125741243
0.0026788029354065657
0.0026676910929381847
0.0026276083663105965
0.0025964495725929737
0.00268368748947978
0.002725418424233794
0.0026279098819941282
0.0025472447741776705
0.0026598868425935507
0.002686093794181943
0.002593769459053874
0.0026891615707427263
0.00265914062038064
0.00263579492457211
0.0026145351585000753
0.00267960736528039
0.00272372062318027
0.002648484194651246
0.00266508967615664
0.0026909243315458298
0.0027066615875810385
0.002660416765138507
0.0026546053122729063
0.0027098783757537603
0.002685435814782977
0.0027474411763250828
0.002726923441514373
0.002722627017647028
0.0027184169739484787
0.0026019802317023277
0.0027701447252184153
0.0027241313364356756
0.002539157634600997
0.0026628782507032156
0.0025106838438659906
0.0026669236831367016
0.0025984444655478
0.002604255685582757
0.0026225163601338863
0.002702479250729084
0.002557341242209077
0.002738694194704294
0.0025989601854234934
0.0027177734300494194
0.0026864269748330116
0.0027391889598220587
0.0027325355913490057
0.002754594897851348
0.0026898852083832026
0.002714817877858877
0.00266784499399364
0.002518557710573077
0.002689584856852889
0.002710143104195595
0.002629839815199375
0.0027607185766100883
0.0027346687857061625
0.0026601289864629507
0.002670921618118882
0.002691513393074274
0.002555473707616329
0.0026252472307533026
0.0026809931732714176
0.0026106482837349176
0.0026641522999852896
0.002636400982737541
0.0026353776920586824
0.002616780810058117
0.0027246514800935984
0.002756072673946619
0.0027603593189269304
0.0027394848875701427
0.0026978112291544676
0.002787143923342228
0.0026557997334748507
0.00268095126375556
0.002655239077284932
0.002701905556023121
0.002672057133167982
0.0025652945041656494
0.002682507038116455
0.002701167482882738
0.0026817522011697292
0.0027158663142472506
0.0027174095157533884
0.0026994089130312204
0.0026764755602926016
0.0026002449449151754
0.0025171590968966484
0.0026566728483885527
0.0027506735641509295
0.0027193529531359673
0.0027342892717570066
0.0026099872775375843
0.002764238975942135
0.0026619266718626022
0.0025601389352232218
0.002651982707902789
0.002770168473944068
0.0027452472131699324
0.002717331051826477
0.002739975228905678
0.0027484288439154625
0.002734208945184946
0.0026969294995069504
0.0026970747858285904
0.0026090180035680532
0.002722879871726036
0.002730051288381219
0.002734812442213297
0.0025747984182089567
0.002666230546310544
0.0026867350097745657
0.002631010487675667
0.0026306742802262306
0.0026816194877028465
0.002764833625406027
0.0026998654939234257
0.0027004540897905827
0.0026333280839025974
0.002640155144035816
0.0026797244790941477
0.0026429349090903997
0.002595080528408289
0.0025325200986117125
0.0026447009295225143
0.0028147215489298105
0.0025851698592305183
0.0026239370927214622
0.0026799249462783337
0.002552266465499997
0.0025492075365036726
0.002720579272136092
0.0027377805672585964
0.002575341844931245
0.002720460295677185
0.0027132960967719555
0.002657376229763031
0.0026919515803456306
0.002696479205042124
0.0027501245494931936
0.0026184087619185448
0.002602500608190894
0.00266079930588603
0.002722674049437046
0.0026513319462537766
0.002766986144706607
0.002612839685752988
0.0026982352137565613
0.0026400715578347445
0.0025398987345397472
0.0025873861741274595
0.002746007638052106
0.002685166895389557
0.00275596440769732
0.002671166555956006
0.0026675788685679436
0.002631810260936618
0.0026741463225334883
0.0027111538220196962
0.002670502057299018
0.002768783364444971
0.002653802279382944
0.0025685420259833336
0.0026705346535891294
0.0026767533272504807
0.0026025730185210705
0.00266461749561131
0.002631264738738537
0.002648224588483572
0.0025769593194127083
0.002582310698926449
0.0025838774163275957
0.0026333387941122055
0.0026861808728426695
0.0026577382814139128
0.0027883818838745356
0.0027449356857687235
0.0026603585574775934
0.002686011139303446
0.0026031017769128084
0.0026613527443259954
0.002704443410038948
0.0026420587673783302
0.0026217401027679443
0.002696767682209611
0.002648004097864032
0.0026596621610224247
0.0026812818832695484
0.00273119262419641
0.0026527016889303923
0.0026097542140632868
0.002748709637671709
0.0026914277113974094
0.002713401336222887
0.0025984998792409897
0.00269315461628139
0.002568215364590287
0.002667393069714308
0.002599064726382494
0.0026388175319880247
0.002636674093082547
0.00273729651235044
0.002566091949120164
0.002755953697487712
0.0026473598554730415
0.0027036466635763645
0.0025596003979444504
0.0027481326833367348
0.002697211690247059
0.002659314312040806
0.0025965431705117226
0.0026904491242021322
0.002726150443777442
0.0026273697149008512
0.0027343661058694124
0.0027592533733695745
0.002740231342613697
0.0027409458998590708
0.0025815737899392843
0.0027907760813832283
0.002766431774944067
0.002645443892106414
0.002706455532461405
0.00262175383977592
0.002620099578052759
0.002761526731774211
0.0026846742257475853
0.0026971069164574146
0.0026167952455580235
0.002721461933106184
0.002764561213552952
0.0026813780423253775
0.0027031954377889633
0.0026212232187390327
0.0026119372341781855
0.0025916537269949913
0.002580793807283044
0.002736984519287944
0.0026731204707175493
0.0027385896537452936
0.002576578641310334
0.0026635455433279276
0.0026200481224805117
0.002592230448499322
0.0026393604930490255
0.0026603287551552057
0.002694934606552124
0.002665497362613678
0.002688997657969594
0.002647856716066599
0.002612477168440819
0.0026628042105585337
0.0026257741264998913
0.002657328499481082
0.0026248765643686056
0.0026174020022153854
0.002686952007934451
0.0026049031876027584
0.0026875189505517483
0.002665128093212843
0.002579651540145278
0.0026251450181007385
0.0026569021865725517
0.0028415799606591463
0.0026139426045119762
0.0026949034072458744
0.0026240518782287836
0.00248088245280087
0.0026601424906402826
0.0025278269313275814
0.0026589888148009777
0.002694447059184313
0.0026857710909098387
0.002583804540336132
0.0026556220836937428
0.00267856870777905
0.002627898473292589
0.002830757759511471
0.0027070888318121433
0.0026630694046616554
0.0026184129528701305
0.002561494940891862
0.002719626994803548
0.002639045473188162
0.002652823692187667
0.002596043050289154
0.002652768511325121
0.0026802485808730125
0.0027072299271821976
0.002732174936681986
0.002636417979374528
0.002657956210896373
0.002680375473573804
0.002653490286320448
0.0026721972972154617
0.0026361600030213594
0.0026078808587044477
0.002611191477626562
0.002564565045759082
0.0026199761778116226
0.002559378044679761
0.002704733284190297
0.0026976221706718206
0.002666776068508625
0.002563284942880273
0.002678959397599101
0.0026533252093940973
0.0027040960267186165
0.0026586989406496286
0.0026519387029111385
0.002683318918570876
0.0026526013389229774
0.002660317812114954
0.0026299855671823025
0.002666221931576729
0.0026828336995095015
0.0027228891849517822
0.002647936576977372
0.0026341634802520275
0.002720577409490943
0.0027396914083510637
0.0026004668325185776
0.0025246895384043455
0.0025808291975408792
0.002738329116255045
0.0027512116357684135
0.0025404233019798994
0.0026748343370854855
0.0025809172075241804
0.0027488204650580883
0.0026274470146745443
0.0027299360372126102
0.002712512854486704
0.002613665768876672
0.0026111560873687267
0.0024852172937244177
0.0026432012673467398
0.0025919959880411625
0.0026439563371241093
0.0027639539912343025
0.0026204348541796207
0.002761109499260783
0.0026661616284400225
0.002663437509909272
0.0026422033552080393
0.002650398528203368
0.002715252572670579
0.0026606926694512367
0.002655033254995942
0.002623529639095068