0.0006479190778918564
0.020601067692041397
0.054542768746614456
0.07222843170166016
0.07255635410547256
0.07637444138526917
0.08106756210327148
0.08224441856145859
0.0838698074221611
0.08167543262243271
0.08677639067173004
0.08438369631767273
0.0818665474653244
0.08203490078449249
0.08397310227155685
0.08536972105503082
0.08297089487314224
0.08526182174682617
0.08905178308486938
0.08601587265729904
0.08587579429149628
0.08704015612602234
0.08775993436574936
0.08619131147861481
0.08642982691526413
0.08671259880065918
0.0840066522359848
0.08736008405685425
0.08207791298627853
0.08690381795167923
0.08485276997089386
0.08531159162521362
0.08361240476369858
0.08525419980287552
0.08612851798534393
0.08615005761384964
0.0872354507446289
0.08812295645475388
0.08889941871166229
0.08426627516746521
0.08252119272947311
0.0849989727139473
0.08425604552030563
0.08389101922512054
0.08627709746360779
0.08346334099769592
0.08610508590936661
0.08531440794467926
0.08598382771015167
0.08611985296010971
0.08474519103765488
0.08219174295663834
0.08370167016983032
0.0839090645313263
0.08387203514575958
0.08481840789318085
0.08314678072929382
0.08663343638181686
0.0879962146282196
0.08116178214550018
0.08474067598581314
0.08902768790721893
0.08375267684459686
0.08236011862754822
0.08396822214126587
0.08634339272975922
0.08052708953619003
0.0875764861702919
0.08442071825265884
0.08213353157043457
0.08736582845449448
0.08441171050071716
0.08368267863988876
0.08532823622226715
0.08497276157140732
0.08129771053791046
0.085230752825737
0.08438045531511307
0.0856681615114212
0.08239521831274033
0.08495787531137466
0.08630460500717163
0.08456097543239594
0.08577721565961838
0.08543828874826431
0.08481424301862717
0.08541706204414368
0.08575215190649033
0.08030909299850464
0.08163835853338242
0.08620153367519379
0.086087666451931
0.08537863940000534
0.08386588841676712
0.08715851604938507
0.08578474074602127
0.08320438116788864
0.08303621411323547
0.08326315879821777
0.08500116318464279
0.08804067969322205
0.08691313117742538
0.08680465817451477
0.0887133851647377
0.08477909862995148
0.08865458518266678
0.08718368411064148
0.08341988921165466
0.08672261238098145
0.08470521122217178
0.08641994744539261
0.08416786789894104
0.08262035995721817
0.08393757045269012
0.08267910778522491
0.08002280443906784
0.0879850834608078
0.0854475274682045
0.08394159376621246
0.08753182739019394
0.08242782950401306
0.0835939347743988
0.08525010943412781
0.08524966984987259
0.08403918892145157
0.08610262721776962
0.0809699222445488
0.0830843448638916
0.08673176169395447
0.08319541811943054
0.08503787964582443
0.08110180497169495
0.08448132872581482
0.08461711555719376
0.08568397164344788
0.07968448847532272
0.0855368971824646
0.08073224872350693
0.08600550889968872
0.08355553448200226
0.08325329422950745
0.08178446441888809
0.08375111222267151
0.08259384334087372
0.08467111736536026
0.0841599628329277
0.0827503427863121
0.08800274133682251
0.08730817586183548
0.08686800301074982
0.08478961884975433
0.08415447175502777
0.08127148449420929
0.08561134338378906
0.08748158812522888
0.08577918261289597
0.08226102590560913
0.08251453191041946
0.08212366700172424
0.0849417895078659
0.08433479070663452
0.08274617046117783
0.0824643224477768
0.08468053489923477
0.08279610425233841
0.08296437561511993
0.08621850609779358
0.08191298693418503
0.08631038665771484
0.08176183700561523
0.0830007866024971
0.08330589532852173
0.0826747789978981
0.0833025574684143
0.08473756164312363
0.08625033497810364
0.08278872817754745
0.08153840154409409
0.08151911944150925
0.08273601531982422
0.08096776157617569
0.08654441684484482
0.08407583087682724
0.0808141678571701
0.08318789303302765
0.08473330736160278
0.08875864744186401
0.08496952056884766
0.08143416047096252
0.08748305588960648
0.08203909546136856
0.08312711864709854
0.08483562618494034
0.08460309356451035
0.08576872944831848
0.08424485474824905
0.07878783345222473
0.0807921513915062
0.08508593589067459
0.08861292898654938
0.08481871336698532
0.08433519303798676
0.0824548602104187
0.08568548411130905
0.08579595386981964
0.0859202966094017
0.08213233947753906
0.08576610684394836
0.08150896430015564
0.08235716819763184
0.0838613286614418
0.08415085077285767
0.08408232778310776
0.08182395994663239
0.08347252756357193
0.08904711902141571
0.0815245732665062
0.08254295587539673
0.08244583755731583
0.08371853828430176
0.08554598689079285
0.08151380717754364
0.08451762795448303
0.08336241543292999
0.08362648636102676
0.086017906665802
0.0801236629486084
0.08417092263698578
0.08815053105354309
0.08422163128852844
0.08455866575241089
0.08421815931797028
0.08675865828990936
0.08643736690282822
0.08620218187570572
0.08448819816112518
0.08558311313390732
0.08175784349441528
0.08554764091968536
0.08598889410495758
0.08123224228620529
0.08334357291460037
0.08459313213825226
0.0838056355714798
0.08228512853384018
0.08506283164024353
0.08585840463638306
0.0856231227517128
0.08165214210748672
0.08594431728124619
0.08599938452243805
0.08630850166082382
0.08423467725515366
0.08250029385089874
0.08344115316867828
0.08407054096460342
0.08843497186899185
0.08759218454360962
0.08368121087551117
0.08306187391281128
0.08483276516199112
0.08856932818889618
0.08545255661010742
0.08051209151744843
0.08881483227014542
0.08641383051872253
0.0848805159330368
0.08521232008934021
0.08329153805971146
0.08223563432693481
0.08656822890043259
0.08300720155239105
0.08398576825857162
0.08682676404714584
0.08235542476177216
0.08555659651756287
0.085462786257267
0.08309105783700943
0.0834411233663559
0.08522654324769974
0.08182191848754883
0.08538177609443665
0.08106942474842072
0.08104602992534637
0.08474081009626389
0.08240733295679092
0.0852009505033493
0.08178666234016418
0.08488603681325912
0.08442149311304092
0.08092035353183746
0.08608642220497131
0.08765006810426712
0.08414707332849503
0.08069512248039246
0.08305461704730988
0.0841912180185318
0.08426623046398163
0.08550246059894562
0.08389926701784134
0.08331955969333649
0.08529805392026901
0.08232106268405914
0.0867205336689949
0.08639533072710037
0.08250632882118225
0.08046681433916092
0.08340494334697723
0.08276111632585526
0.08127819001674652
0.08523838967084885
0.08423768728971481
0.08449599146842957
0.0827554389834404
0.08184079080820084
0.08375442773103714
0.08491484820842743
0.08234299719333649
0.0866188034415245
0.0854501724243164
0.08164355903863907
0.08433831483125687
0.08551386743783951
0.08175846934318542
0.08758241683244705
0.0827476754784584
0.08632994443178177
0.08353424072265625
0.08256649225950241
0.08549660444259644
0.08428199589252472
0.08460568636655807
0.0812443271279335
0.0822720155119896
0.08798076957464218
0.08276653289794922
0.08230124413967133
0.08807852119207382
0.08384231477975845
0.08240794390439987
0.0871550440788269
0.08494266867637634
0.08679959177970886
0.08290576934814453
0.08421678841114044
0.08233856409788132
0.08390657603740692
0.08326328545808792
0.08466795831918716
0.08333073556423187
0.08719136565923691
0.08526179939508438
0.08547677844762802
0.08539340645074844
0.08156022429466248
0.0827559158205986
0.08534900844097137
0.08362630009651184
0.0836423933506012
0.08300099521875381
0.08546005934476852
0.08422399312257767
0.07934693992137909
0.08218584209680557
0.08517681062221527
0.08162084221839905
0.08589451014995575
0.08274106681346893
0.0804748460650444
0.08112233877182007
0.08166033029556274
0.08422474563121796
0.0826534777879715
0.08222342282533646
0.08493153750896454
0.085234634578228
0.08909096568822861
0.08304587006568909
0.08739705383777618
0.08113941550254822
0.0844293087720871
0.08384847640991211
0.08124765753746033
0.08434116095304489
0.08173391222953796
0.08849325776100159
0.08387456089258194
0.083846814930439
0.08360598236322403
0.08484365791082382
0.08454684913158417
0.08189592510461807
0.08452120423316956
0.0848894864320755
0.08151121437549591
0.08343067765235901
0.08406604081392288
0.08883289992809296
0.08329807221889496
0.08552983403205872
0.08529724925756454
0.08658133447170258
0.08442692458629608
0.0852016732096672
0.08326029777526855
0.08352196961641312
0.08363834023475647
0.0846014991402626
0.08257412910461426
0.08436325192451477
0.08600607514381409
0.08137140423059464
0.0857202336192131
0.0836101546883583
0.08262740820646286
0.08257343620061874
0.08464387059211731
0.08460766822099686
0.08760848641395569
0.0862295925617218
0.08490481227636337
0.08667591214179993
0.08274341374635696
0.08454110473394394
0.0868668481707573
0.0830291286110878
0.08293405175209045
0.0846523642539978
0.08482357114553452
0.08424545079469681
0.08366391062736511
0.08162938803434372
0.08624087274074554
0.08363377302885056
0.0847724974155426
0.08555234223604202
0.08567378669977188
0.08563708513975143
0.08248769491910934
0.0849074050784111
0.08264084160327911
0.08273373544216156
0.08436700701713562
0.07803738862276077
0.08312897384166718
0.08538809418678284
0.08424980938434601
0.08124744147062302
0.08356306701898575
0.08464650064706802
0.08363932371139526
0.08063916862010956
0.08343291282653809
0.08369497209787369
0.08602176606655121
0.08806519210338593
0.08087051659822464
0.08472668379545212
0.08572152256965637
0.08478587120771408
0.08416591584682465
0.08652980625629425
0.08318931609392166
0.082021065056324
0.07899686694145203
0.08189041167497635
0.0837973952293396
0.08393441885709763
0.08156505227088928
0.08034482598304749
0.08115892112255096
0.08613503724336624
0.08401727676391602
0.08454808592796326
0.08757881075143814
0.08100823312997818
0.08346942067146301
0.08708077669143677
0.08434415608644485
0.08344963937997818
0.08373226225376129
0.0829378142952919
0.08543204516172409
0.08249904960393906
0.08407603949308395
0.08500853180885315
0.08477871865034103
0.08384843170642853
0.08477196842432022
0.08219095319509506
0.08042564988136292
0.08112562447786331
0.08181145787239075
0.08353099226951599
0.08709472417831421
0.08362168073654175
0.0826515257358551
0.0854087620973587
0.08209878206253052
0.08412477374076843
0.08483865857124329
0.08620339632034302
0.0871024802327156
0.08109978586435318
0.0822119489312172
0.08462366461753845
0.0824018195271492
0.07953709363937378
0.08583319932222366
0.07977816462516785
0.08664248138666153
0.0816846564412117
0.08368417620658875
0.08245087414979935
0.08546938002109528
0.08489151298999786
0.08537843078374863
0.08270768821239471
0.0813634991645813
0.08158464729785919
0.08224610984325409
0.08304844796657562
0.08383527398109436
0.08219131827354431
0.08234661817550659
0.08328478783369064
0.0829944983124733
0.08845264464616776
0.08468565344810486
0.08297218382358551
0.08277764916419983
0.08157559484243393
0.08140802383422852
0.08274640887975693
0.08161838352680206
0.08566634356975555
0.08232501894235611
0.08378016203641891
0.08399547636508942
0.08236895501613617
0.0818597599864006
0.08125591278076172
0.08584867417812347
0.0807623416185379
0.08461455255746841
0.08373260498046875
0.083623506128788
0.08440222591161728
0.08229539543390274
0.08588127791881561
0.08187209814786911
0.08487111330032349
0.08433181792497635
0.08133409172296524
0.08316880464553833
0.08232583105564117
0.08480846136808395
0.08572657406330109
0.08634550869464874
0.08211241662502289
0.0871267095208168
0.08758435398340225
0.0830102190375328
0.08257243782281876
0.0812850072979927
0.08621209114789963
0.08305555582046509
0.08096033334732056
0.08442452549934387
0.08578766137361526
0.0837671160697937
0.08172944188117981
0.08618450909852982
0.0841372087597847
0.08545200526714325
0.08264262974262238
0.08732858300209045
0.08154905587434769
0.08081930130720139
0.08106425404548645
0.08155958354473114
0.08432977646589279
0.08671410381793976
0.0822838768362999
0.08636769652366638
0.08725729584693909
0.0832345187664032
0.08638059347867966
0.08290230482816696
0.08004286885261536
0.0834299623966217
0.0830736756324768
0.0818227007985115
0.08279988914728165
0.08045488595962524
0.08300159126520157
0.08358188718557358
0.08954367786645889
0.08785758167505264
0.08430738747119904
0.0849200189113617
0.08264075964689255
0.08360828459262848
0.08355896919965744
0.08767152577638626
0.08623675256967545
0.0840325802564621
0.0845051109790802
0.08690265566110611
0.07742980122566223
0.08683265745639801
0.08553676307201385
0.08523765206336975
0.08287455886602402
0.08317913115024567
0.08395957201719284
0.08447350561618805
0.08535273373126984
0.0835227519273758
0.08262202888727188
0.08021852374076843
0.08384394645690918
0.07923661917448044
0.07967863976955414
0.08560312539339066
0.08205261081457138
0.0823790431022644
0.08634652942419052
0.08344191312789917
0.08300982415676117
0.0818580687046051
0.08093772828578949
0.0814274400472641
0.08463553339242935
0.08425827324390411
0.08412037044763565
0.08664581179618835
0.08280647546052933
0.08318502455949783
0.08204106241464615
0.081584632396698
0.08104527741670609
0.0812998041510582
0.08404030650854111
0.08467293530702591
0.08211725950241089
0.08228962123394012
0.08368143439292908
0.08353843539953232
0.0805947408080101
0.08335740119218826
0.09058861434459686
0.08549311757087708
0.08338246494531631
0.08034150302410126
0.08557015657424927
0.08261706680059433
0.08486522734165192
0.0827997624874115
0.08257551491260529
0.08238028734922409
0.08322838693857193
0.0846470445394516
0.08574338257312775
0.08562233299016953
0.08358117938041687
0.08195257931947708
0.08421608805656433
0.08117692172527313
0.08401598781347275
0.08457979559898376
0.0850008949637413
0.08436913788318634
0.08071636408567429
0.08352110534906387
0.08391597121953964
0.08382534980773926
0.08392108976840973
0.08638650923967361
0.08111102133989334
0.08609668910503387
0.0817922055721283
0.08374080061912537
0.082541324198246
0.08265434950590134
0.08477213233709335
0.0856780931353569
0.08165106177330017
0.08413685858249664
0.08317099511623383
0.08330819755792618
0.08663583546876907
0.08310943841934204
0.08542943745851517
0.0823683813214302
0.0823974534869194
0.08410099893808365
0.08582054823637009
0.08146797120571136
0.08504417538642883
0.08167234063148499
0.08498276025056839
0.08460167050361633
0.08530596643686295
0.0829642117023468
0.0828726589679718
0.07928573340177536
0.08152008801698685
0.08164143562316895
0.08248267322778702
0.08546134829521179
0.08182787895202637
0.08366543799638748
0.08344514667987823
0.08451804518699646
0.08303302526473999
0.08378191292285919
0.08217434585094452
0.08202042430639267
0.08411087840795517
0.08014831691980362
0.08341093361377716
0.08499602228403091
0.08277886360883713
0.0829729363322258
0.08455059677362442
0.08309190720319748
0.08562608063220978
0.08684618026018143
0.08538420498371124
0.08635394275188446
0.08586444705724716
0.08115263283252716
0.08454277366399765
0.08242717385292053
0.08739379793405533
0.08313459157943726
0.08393777906894684
0.08488168567419052
0.08178767561912537
0.08313785493373871
0.08285288512706757
0.08146976679563522
0.08331424742937088
0.08581209927797318
0.084026038646698
0.08469725400209427
0.08180499076843262
0.08463220298290253
0.0828155130147934
0.08456256985664368
0.08358284831047058
0.08210572600364685
0.0812024399638176
0.08440500497817993
0.08304878324270248
0.08469272404909134
0.08697524666786194
0.08535677939653397
0.08409785479307175
0.0834151953458786
0.08437956124544144
0.08139744400978088
0.08295022696256638
0.08347585052251816
0.08214665204286575
0.08302584290504456
0.08437815308570862
0.08162321895360947
0.08580739796161652
0.0830184742808342
0.08484834432601929
0.08496090769767761
0.07978378236293793
0.08158880472183228
0.08433999121189117
0.08211133629083633
0.08508198708295822
0.08645272254943848
0.08501331508159637
0.08559568226337433
0.08542099595069885
0.07938110828399658
0.08633844554424286
0.08212906122207642
0.08208922296762466
0.08002328872680664
0.08578082919120789
0.08388059586286545
0.08654668182134628
0.0821843221783638
0.08448753505945206
0.0875108540058136
0.08218508958816528
0.08382244408130646
0.08301196992397308
0.08145973831415176
0.08283312618732452
0.08391275256872177
0.08650365471839905
0.08148740977048874
0.08194028586149216
0.08509783446788788
0.08346110582351685
0.08497875928878784
0.08498615026473999
0.0813475251197815
0.08793319761753082
0.08389438688755035
0.08334401249885559
0.08618293702602386
0.08486421406269073
0.08241680264472961
0.08447267860174179
0.08100037276744843
0.08040713518857956
0.0828600525856018
0.08355989307165146
0.08114342391490936
0.08218767493963242
0.08301446586847305
0.0836654007434845
0.08509847521781921
0.08112666010856628
0.08352574706077576
0.08664343506097794
0.07999337464570999
0.0856967344880104
0.08356398344039917
0.08433493971824646
0.08086865395307541
0.08667721599340439
0.08343455195426941
0.08256528526544571
0.08329533785581589
0.0852116197347641
0.0833565890789032
0.08229851722717285
0.08325938880443573
0.08253073692321777
0.08243890106678009
0.0833207219839096
0.08249447494745255
0.08726504445075989
0.08655261993408203
0.08348873257637024
0.08596765249967575
0.08473262190818787
0.08519546687602997
0.08148160576820374
0.08073892444372177
0.08306431025266647
0.08052951842546463
0.08304944634437561
0.08037394285202026
0.08284585922956467
0.08218604326248169
0.08879020810127258
0.08359071612358093
0.08238513767719269
0.08217831701040268
0.08600061386823654
0.08130861073732376
0.08396575599908829
0.08236321806907654
0.08658143877983093
0.08109047263860703
0.07897748798131943
0.08332433551549911
0.08466731011867523
0.08084280788898468
0.0832911804318428
0.08088714629411697
0.08195631206035614
0.08490178734064102
0.08295376598834991
0.08336485922336578
0.08395460993051529
0.08461130410432816
0.08331744372844696
0.081704281270504
0.08533965796232224
0.08189478516578674
0.08478190749883652
0.08676015585660934
0.083666130900383
0.08662018924951553
0.08395233005285263
0.08353881537914276
0.08591072261333466
0.08720549941062927
0.08282452821731567
0.0851345956325531
0.08193571120500565
0.08198770880699158
0.08157659322023392
0.08273547142744064
0.0792434811592102
0.08144180476665497
0.0814802423119545
0.08336666971445084
0.08295349776744843
0.08938479423522949
0.08247781544923782
0.08147679269313812
0.08244054764509201
0.08078129589557648
0.08522670716047287
0.08233648538589478
0.0848630964756012
0.07968726009130478
0.08397098630666733
0.08135911077260971
0.0885753333568573
0.08232802152633667
0.07943572849035263
0.08251780271530151
0.08353584259748459
0.08573018014431
0.08340582996606827
0.0841122418642044
0.0843549445271492
0.084100142121315
0.08450689911842346
0.08535555005073547
0.08394790440797806
0.08624386787414551
0.08267635107040405
0.08680135756731033
0.08243740350008011
0.08331446349620819
0.08106537908315659
0.0820770189166069
0.08500374108552933
0.08385828882455826
0.08192792534828186
0.08230502158403397
0.08430451154708862
0.08590947091579437
0.0809013620018959
0.08698254823684692
0.08265332877635956
0.08438245952129364
0.08537527173757553
0.08447620272636414
0.07770505547523499
0.08453580737113953
0.08334265649318695
0.08423775434494019
0.08117157965898514
0.07993404567241669
0.08465691655874252
0.0872143805027008
0.08504334092140198
0.08466437458992004
0.08302304893732071
0.0821344405412674
0.08474405109882355
0.0827881395816803
0.08537007123231888
0.08585354685783386
0.08174031227827072
0.08191588521003723
0.08266865462064743
0.08193916082382202
0.08310597389936447
0.0816134512424469
0.08338863402605057
0.08476454764604568
0.07986818999052048
0.08456024527549744
0.0843941941857338
0.08504817634820938
0.08271680772304535
0.08402930945158005
0.08266647160053253
0.08375032246112823
0.08327209204435349
0.08135990053415298
0.08568800240755081
0.0876040831208229
0.0854993611574173
0.08128956705331802
0.08113870024681091
0.08292729407548904
0.08185788244009018
0.08579883724451065
0.08329275995492935
0.08011344820261002
0.08249345421791077
0.08281370252370834
0.08499325066804886
0.08436811715364456
0.08228045701980591
0.08127785474061966
0.08262645453214645
0.08249976485967636
0.08271221816539764
0.08506467938423157
0.08424358069896698
0.08582589775323868
0.08431027084589005
0.08449241518974304
0.08350342512130737
0.0828910619020462
0.08330802619457245
0.082848459482193
0.08802079409360886
0.08147849887609482
0.08320107311010361
0.0804358646273613
0.08097966015338898
0.08340498805046082
0.08213427662849426
0.08370693027973175
0.08372525870800018
0.08111776411533356
0.08307617902755737
0.08563931286334991
0.08352033793926239
0.08930440992116928
0.0831783264875412
0.08482786267995834
0.08361125737428665
0.08144471049308777
0.08345387130975723
0.08481046557426453
0.08538391441106796
0.08438383787870407
0.08058111369609833
0.08291877806186676
0.0863996148109436
0.08512456715106964
0.08346064388751984
0.08740093559026718
0.08201341331005096
0.08557451516389847
0.0823340117931366
0.08293413370847702
0.07916509360074997
0.08650506287813187
0.0830337405204773
0.08274179697036743
0.08141534775495529
0.08050840348005295
0.08287841826677322
0.07914754003286362
0.0823948085308075
0.0826776772737503
0.08470043540000916
0.08064272254705429
0.08635273575782776
0.08576101064682007
0.08221223950386047
0.08432874828577042
0.08242116868495941
0.08548934757709503
0.08427610248327255
0.08142150938510895
0.08541975915431976
0.08375855535268784
0.08310473710298538
0.08357729762792587
0.08252178132534027
0.0838148295879364
0.08282520622015
0.08156142383813858
0.08262017369270325
0.08370336890220642
0.08505122363567352
0.0835074931383133
0.08078465610742569
0.08407112210988998
0.082638218998909
0.07983559370040894
0.08351190388202667
0.08332357555627823
0.08478179574012756
0.08512115478515625
0.08550157397985458
0.08399612456560135
0.08040270209312439
0.08607521653175354
0.08061254769563675
0.08277269452810287
0.0839691162109375
0.08558522164821625
0.08028555661439896
0.07820864766836166
0.08535657823085785
0.08337099850177765
0.08291400969028473
0.08541352301836014
0.08476937562227249
0.08339131623506546
0.08303595334291458
0.08302371203899384
0.08277402818202972
0.08682721108198166
0.08174991607666016
0.08427724242210388
0.08217641711235046
0.08247349411249161
0.08116286247968674
0.08448634296655655
0.08258340507745743
0.08275150507688522
0.0829421803355217
0.08304101973772049
0.08238305896520615
0.08345606178045273
0.08142741024494171
0.08644303679466248
0.0851118341088295
0.0848722904920578
0.08329883217811584
0.08561018109321594
0.08512343466281891
0.08299515396356583
0.0814722329378128
0.08802149444818497
0.08499257266521454
0.08449005335569382
0.08027234673500061
0.08291181921958923
0.08444022387266159
0.08504430949687958
0.08280206471681595
0.08498216420412064
0.08148488402366638
0.08214452862739563
0.08650756627321243
0.08185011893510818
0.0834847167134285
0.08650679886341095
0.08479312062263489
0.0822087824344635
0.08194316178560257
0.08680122345685959
0.08347391337156296
0.08430082350969315
0.0820082351565361
0.081556037068367
0.08628667145967484
0.08468660712242126
0.08213365823030472
0.08286077529191971
0.08245540410280228
0.08533695340156555
0.08188357949256897
0.08206663280725479
0.08387808501720428
0.08404456079006195
0.08635223656892776
0.08428351581096649
0.08616075664758682
0.0820586308836937
0.08204527944326401
0.08295328170061111
0.08487340062856674
0.08528634905815125
0.08761174976825714
0.0847887247800827
0.08087434619665146
0.08477149158716202
0.07893600314855576
0.08568042516708374
0.08111533522605896
0.08090468496084213
0.08539172261953354
0.0844835564494133
0.08266106247901917
0.08470670878887177
0.07959494739770889
0.08352188020944595
0.08337017148733139
0.08250504732131958
0.08067133277654648
0.08306895941495895
0.08259003609418869
0.08497912436723709
0.08275553584098816
0.08746565878391266
0.08398143947124481
0.08424285799264908
0.08546692878007889
0.08191666752099991
0.08473636955022812
0.08279602974653244
0.08349592238664627
0.08509711176156998
0.08465099334716797
0.07999291270971298
0.08107816427946091
0.08109944313764572
0.08377031981945038
0.08128996938467026
0.08535647392272949
0.07901515811681747
0.08278806507587433
0.08611986041069031
0.08254851400852203
0.08188070356845856
0.08333494514226913
0.08371853828430176
0.07983177155256271
0.08504488319158554
0.08590041846036911
0.08176373690366745
0.08086957037448883
0.08192697167396545
0.08401680737733841
0.08787545561790466
0.08038152009248734
0.08595525473356247
0.08299780637025833
0.08460233360528946
0.08256778866052628
0.08397052437067032
0.08506897836923599
0.08072886615991592
0.08351962268352509
0.08300627768039703
0.0829746276140213
0.0818830206990242
0.08331874012947083
0.07974176108837128
0.08753547072410583
0.08307825773954391
0.08568892627954483
0.08418995141983032
0.0867987722158432
0.08386478573083878
0.08289442211389542
0.08593282103538513
0.08577056974172592
0.08376451581716537
0.08280175924301147
0.08296538144350052
0.08169101923704147
0.08432380855083466
0.08091328293085098
0.08314831554889679
0.0824882909655571
0.08186408132314682
0.07938648015260696
0.08209633827209473
0.08112332969903946
0.08161785453557968
0.08572987467050552
0.08491072803735733
0.08582249283790588
0.08356571197509766
0.08941639214754105
0.08209545910358429
0.08222302794456482
0.08689267933368683
0.08228380233049393
0.08031747490167618
0.08495840430259705
0.08229365199804306
0.0818486139178276
0.08173873275518417
0.08765707165002823
0.08501967787742615
0.0855834037065506
0.08326728641986847
0.08036693930625916
0.08191873878240585
0.08081262558698654
0.08287074416875839
0.08040434867143631
0.08265484869480133
0.08434009552001953
0.08145863562822342
0.08125040680170059
0.08012980222702026
0.08242475241422653
0.08675632625818253
0.08205714821815491
0.0830983817577362
0.08408305794000626
0.0868888795375824
0.08365313708782196
0.08245249837636948
0.08664809912443161
0.0820859894156456
0.08120869845151901
0.08300679177045822
0.0796256735920906
0.08061828464269638
0.08226008713245392
0.08691507577896118
0.08421241492033005
0.07831746339797974
0.08423950523138046
0.0861031711101532
0.08404047787189484
0.08106834441423416
0.08218523859977722
0.08446652442216873
0.07935454696416855
0.08300904929637909
0.08539847284555435
0.08345203101634979
0.08677986264228821
0.08496716618537903
0.08359280228614807
0.08602607995271683
0.08724764734506607
0.08455569297075272
0.08334182947874069
0.08199255168437958
0.0825987458229065
0.08634229749441147
0.08490872383117676
0.08082342892885208
0.0847477838397026
0.08714242279529572
0.08193475008010864
0.08599621802568436
0.08155457675457001
0.08574331551790237
0.08806493133306503
0.08099623024463654
0.08096159249544144
0.0815076157450676
0.08408263325691223
0.08547451347112656
0.07946986705064774
0.08637844771146774
0.08645324409008026
0.0822693407535553
0.08472978323698044
0.08362607657909393
0.08412674814462662
0.08661934733390808
0.08407994359731674
0.08612698316574097
0.08537428826093674
0.08578412979841232
0.0866934284567833
0.08650974929332733
0.08215709030628204
0.08460989594459534
0.08420278877019882
0.08269885182380676
0.0857040137052536
0.08392435312271118
0.08497326821088791
0.08588659018278122
0.08157852292060852
0.08856825530529022
0.0809849426150322
0.08648701757192612
0.08550712466239929
0.08166340738534927
0.08096036314964294
0.08380338549613953
0.08601948618888855
0.08531071990728378
0.08379092812538147
0.08247317373752594
0.07879257947206497
0.08504918217658997
0.07982520759105682
0.07999463379383087
0.08391489088535309
0.08081520348787308
0.08054642379283905
0.08450789749622345
0.08377783745527267
0.08350955694913864
0.08103448152542114
0.08200430124998093
0.08175217360258102
0.08454717695713043
0.08236359804868698
0.08377600461244583
0.08241837471723557
0.08715572953224182
0.08383367210626602
0.08218800276517868
0.0841420441865921
0.08276081830263138
0.08353767544031143
0.08380751311779022
0.08186445385217667
0.08256320655345917
0.08531099557876587
0.08199486136436462
0.08113544434309006
0.08362042158842087
0.08450821042060852
0.08455698192119598
0.08110743761062622
0.08170808851718903
0.0844479501247406
0.0858711451292038
0.08124157041311264
0.0847485288977623
0.0846761167049408
0.08233557641506195
0.08486618846654892
0.08142592757940292
0.08145935088396072
0.08437000215053558
0.08497769385576248
0.08285422623157501
0.0864626094698906
0.08422031253576279
0.08272150158882141
0.08424585312604904
0.08465399593114853
0.08308999240398407
0.08609721809625626
0.08562344312667847
0.08556240797042847
0.08798921853303909
0.08532284945249557
0.08227656036615372
0.08254794776439667
0.08129093796014786
0.08796735852956772
0.08393414318561554
0.08534324914216995
0.08455996215343475
0.0854744240641594
0.0847734659910202
0.08418414741754532
0.0835953876376152
0.08377319574356079
0.0835009515285492
0.08555683493614197
0.08758047223091125
0.08087179809808731
0.08437622338533401
0.08205766975879669
0.08295386284589767
0.08191104978322983
0.08451111614704132
0.08321814239025116
0.08461394906044006
0.08590496331453323
0.085085429251194
0.08086252212524414
0.08010396361351013
0.0833003968000412
0.08407135307788849
0.08338663727045059
0.08311764895915985
0.08202750980854034
0.08082287758588791
0.08462943881750107
0.08226878196001053
0.07982063293457031
0.0841851457953453
0.08116292208433151
0.08387576043605804
0.08258220553398132
0.0842808336019516
0.08433454483747482
0.08620892465114594
0.0836457759141922
0.08380798250436783
0.08380379527807236
0.08348345011472702
0.0862969234585762
0.08690271526575089
0.08281054347753525
0.08153805881738663
0.08398430794477463
0.08344056457281113
0.08393802493810654
0.08465132862329483
0.08256455510854721
0.08378586918115616
0.08287655562162399
0.0843745619058609
0.08585111796855927
0.0822908878326416
0.08830247074365616
0.0864863321185112
0.08406896889209747
0.08777666091918945
0.0843043327331543
0.08253097534179688
0.08124043792486191
0.08253656327724457
0.0846765786409378
0.08221585303544998
0.08523253351449966
0.08178886771202087
0.08219670504331589
0.08067343384027481
0.08248743414878845
0.08363381028175354
0.0817803293466568
0.08220284432172775
0.08523499220609665
0.08232846111059189
0.08167732506990433
0.08582207560539246
0.08031442761421204
0.0826098620891571
0.08473756164312363
0.08225294947624207
0.07994592189788818
0.08249612897634506
0.08551464974880219
0.08248478174209595
0.0857020765542984
0.08190149068832397
0.08528841286897659
0.08299776166677475
0.08283670246601105
0.08370395749807358
0.08111443370580673
0.0830204039812088
0.08624131232500076
0.0798894539475441
0.08039044588804245
0.08425307273864746
0.0832861140370369
0.0878986045718193
0.08474856615066528
0.08227430284023285
0.0844273492693901
0.08280027657747269
0.08133592456579208
0.08417193591594696
0.07962502539157867
0.0822305977344513
0.07910241186618805
0.08333421498537064
0.08292185515165329
0.08132334798574448
0.08623556047677994
0.08375794440507889
0.08539679646492004
0.08354295045137405
0.08151520788669586
0.08243223279714584
0.08328694105148315
0.08509571105241776
0.08020009100437164
0.08346057683229446
0.08146919310092926
0.0816120132803917
0.08359698206186295
0.08551042526960373
0.08627793937921524
0.08384715765714645
0.08223947882652283
0.08522608876228333
0.0846395269036293
0.08417677879333496
0.08326992392539978
0.08456151187419891
0.08515468239784241
0.07867355644702911
0.0818687155842781
0.08802646398544312
0.08934701979160309
0.08353400975465775
0.08123497664928436
0.08385131508111954
0.08702345937490463
0.08416221290826797
0.08575946092605591
0.08683460205793381
0.08141309767961502
0.08892465382814407
0.08164963871240616
0.08690468966960907
0.08496400713920593
0.08330022543668747
0.08457370102405548
0.08523398637771606
0.08608590811491013
0.08348571509122849
0.08283570408821106
0.08132357895374298
0.08586259186267853
0.08167430758476257
0.08444712311029434
0.0839858129620552
0.08200828731060028
0.08280584216117859
0.07842853665351868
0.08255751430988312
0.0820479765534401
0.08178199082612991
0.09003764390945435
0.08137104660272598
0.08158519119024277
0.08213107287883759
0.08422960340976715
0.0893702283501625
0.0830003097653389
0.08566717803478241
0.08354128152132034
0.08441819995641708
0.08584922552108765
0.08313072472810745
0.08459882438182831
0.08197464048862457
0.08003020286560059
0.08327944576740265
0.08329591155052185
0.08462271839380264
0.08356204628944397
0.08148647099733353
0.08312343806028366
0.08399281650781631
0.08464796841144562
0.08171574771404266
0.08250416070222855
0.08307847380638123
0.0838339775800705
0.0822044089436531
0.08294972777366638
0.08477509766817093
0.08356616646051407
0.08680132031440735
0.08572180569171906
0.08325273543596268
0.08401588350534439
0.08282425999641418
0.08305659890174866
0.08411869406700134
0.08536092936992645
0.08364854007959366
0.08106552064418793
0.07943467795848846
0.08224155753850937
0.08563844859600067
0.08589877933263779
0.08728829026222229
0.08249537646770477
0.0823306143283844
0.08523400127887726
0.08122923970222473
0.08860477805137634
0.08603810518980026
0.08792700618505478
0.07943930476903915
0.08439701795578003
0.08556496351957321
0.08481353521347046
0.08283393830060959
0.08212124556303024
0.08218444883823395
0.08472701907157898
0.08451693505048752
0.08262194693088531
0.07879245281219482
0.08491718024015427
0.08289524167776108
0.08125070482492447
0.08488873392343521
0.08411311358213425
0.08280003815889359
0.08098805695772171
0.08402525633573532
0.08387474715709686
0.08311769366264343
0.08459898829460144
0.08318561315536499
0.0853291004896164
0.08393464982509613
0.08319510519504547
0.08593692630529404
0.08467516303062439
0.08630657941102982
0.08545868843793869
0.08507239073514938
0.08302732557058334
0.08117995411157608
0.0867360532283783
0.08474867790937424
0.08032133430242538
0.08520521968603134
0.07848813384771347
0.0840097963809967
0.08025573939085007
0.08223013579845428
0.08171241730451584
0.08437284827232361
0.07965530455112457
0.08618645370006561
0.08061012625694275
0.08307141065597534
0.08516845107078552
0.0862957015633583
0.08410295844078064
0.08501968532800674
0.08449681103229523
0.08657687157392502
0.08242167532444
0.07890696078538895
0.08490189909934998
0.08377235382795334
0.08085732161998749
0.08661103248596191
0.08541164547204971
0.08446205407381058
0.08212979137897491
0.08539081364870071
0.08064284175634384
0.08115643262863159
0.08420658111572266
0.08141544461250305
0.0830317810177803
0.08389278501272202
0.08255355060100555
0.08197790384292603
0.08521736413240433
0.08673492074012756
0.08623773604631424
0.08488696068525314
0.08541232347488403
0.08656034618616104
0.08201026916503906
0.08266619592905045
0.08358927071094513
0.08594583719968796
0.0831994116306305
0.0820983424782753
0.08553767204284668
0.08554768562316895
0.0842602476477623
0.08389793336391449
0.08584809303283691
0.0848018005490303
0.08221358060836792
0.08106756210327148
0.07937611639499664
0.08276857435703278
0.08398554474115372
0.08596716821193695
0.08514272421598434
0.08209621161222458
0.08605633676052094
0.08282297104597092
0.08122259378433228
0.08342844247817993
0.08610040694475174
0.08433403819799423
0.08451997488737106
0.08539391309022903
0.08525577187538147
0.08632540702819824
0.08353185653686523
0.08324480801820755
0.08296862244606018
0.08481935411691666
0.08340311050415039
0.08554375916719437
0.08112641423940659
0.08200152218341827
0.08493577688932419
0.0815657526254654
0.08373583108186722
0.0843578651547432
0.08614945411682129
0.08364397287368774
0.08386139571666718
0.08306126296520233
0.08233629912137985
0.0841597467660904
0.08218149095773697
0.08086063712835312
0.08007905632257462
0.08300408720970154
0.08836841583251953
0.08095795661211014
0.08281199634075165
0.08534540981054306
0.08091122657060623
0.0802023857831955
0.08481328934431076
0.08466532826423645
0.08129037171602249
0.0861850157380104
0.08547170460224152
0.0845036581158638
0.08405589312314987
0.08454488962888718
0.08775999397039413
0.08223557472229004
0.08196830749511719
0.08308247476816177
0.08532173931598663
0.08273439109325409
0.08595623821020126
0.08122691512107849
0.08324436098337173
0.08253522962331772
0.0784575492143631
0.08194895088672638
0.08648210763931274
0.08435454964637756
0.08636249601840973
0.08474639058113098
0.08205942064523697
0.08262000977993011
0.08390167355537415
0.0858675092458725
0.08367753773927689
0.08518338203430176
0.0829082801938057
0.08073528110980988
0.08247533440589905
0.08423689752817154
0.08038893342018127
0.08283279091119766
0.08253166824579239
0.08338525891304016
0.07986301928758621
0.08008487522602081
0.08045820891857147
0.08260688930749893
0.08332796394824982
0.08310656249523163
0.08742057532072067
0.08753004670143127
0.08242115378379822
0.083186075091362
0.08194031566381454
0.08305893838405609
0.08483383804559708
0.08326154947280884
0.08221608400344849
0.08513706177473068
0.08322127163410187
0.08402252942323685
0.08315664529800415
0.08474092185497284
0.08298005908727646
0.08329540491104126
0.08654226362705231
0.08348468691110611
0.08572987467050552
0.08060812950134277
0.0857374370098114
0.0799836665391922
0.08337344974279404
0.08195053786039352
0.08288845419883728
0.08341725170612335
0.08612105995416641
0.07905151695013046
0.08595555275678635
0.08352068066596985
0.08375392854213715
0.08023538440465927
0.08397640287876129
0.08587273955345154
0.08539515733718872
0.08288032561540604
0.08511584252119064
0.08510657399892807
0.0807373970746994
0.0857183039188385
0.08835329115390778
0.0859910175204277
0.08477642387151718
0.0824374109506607
0.08938360214233398
0.08698178082704544
0.08257011324167252
0.08566955476999283
0.08256782591342926
0.08112016320228577
0.08719205111265182
0.08504733443260193
0.08395600318908691
0.08480498194694519
0.08568691462278366
0.08456847816705704
0.08386301249265671
0.08440139144659042
0.08267194032669067
0.08228905498981476
0.07922028750181198
0.08023761957883835
0.08578772842884064
0.08335824310779572
0.08565238118171692
0.0808429941534996
0.0822332575917244
0.08150190114974976
0.0838908851146698
0.08389902859926224
0.08240974694490433
0.08441969752311707
0.08254832029342651
0.0839473232626915
0.08272359520196915
0.0808832049369812
0.08496155589818954
0.08308859169483185
0.08326656371355057
0.08303859084844589
0.08069897443056107
0.08643796294927597
0.08015193790197372
0.08489279448986053
0.08283117413520813
0.08029208332300186
0.08280804753303528
0.08411601185798645
0.08757566660642624
0.0826527401804924
0.08550181239843369
0.08176299929618835
0.07761911302804947
0.08344424515962601
0.07947871834039688
0.08590483665466309
0.08274776488542557
0.08354339748620987
0.08094041794538498
0.08345795422792435
0.08273707330226898
0.08293406665325165
0.09037370979785919
0.08263803273439407
0.08295095711946487
0.0816061943769455
0.08010406792163849
0.08382167667150497
0.08148367702960968
0.08271343261003494
0.08131460100412369
0.08362452685832977
0.08580668270587921
0.0845237672328949
0.08576061576604843
0.08284071832895279
0.08399731665849686
0.08633854985237122
0.08373264223337173
0.08489760756492615
0.08410677313804626
0.08198375999927521
0.08171985298395157
0.08215467631816864
0.08324135839939117
0.07887640595436096
0.08450358361005783
0.0853780061006546
0.08430422842502594
0.0812598168849945
0.08423850685358047
0.08180587738752365
0.08488263934850693
0.08426432311534882
0.08220050483942032
0.08290816098451614
0.08274487406015396
0.08343935757875443
0.08148267865180969
0.08315637707710266
0.08577032387256622
0.08303205668926239
0.08273722976446152
0.08371840417385101
0.08477510511875153
0.08530991524457932
0.08142270892858505
0.08041200786828995
0.08209297806024551
0.08355116099119186
0.08474786579608917
0.07941911369562149
0.0834813192486763
0.08226797729730606
0.08753035217523575
0.08202134072780609
0.0834517851471901
0.08334074169397354
0.08137845247983932
0.08262389898300171
0.07843223214149475
0.08195150643587112
0.08203218132257462
0.08136088401079178
0.08688871562480927
0.08218303322792053
0.08684270828962326
0.08365002274513245
0.08417470753192902
0.08415153622627258
0.08279234170913696
0.08567927032709122
0.0823667123913765
0.08324094861745834
0.08374335616827011