0.006702677812427282
0.0057862065732479095
0.004679707810282707
0.0038055600598454475
0.00354554271325469
0.003392358310520649
0.0034488546662032604
0.003348603844642639
0.0032724684569984674
0.0029958048835396767
0.003091616090387106
0.002939344849437475
0.00284021464176476
0.0028019666206091642
0.0027876198291778564
0.0028265630826354027
0.0027221464551985264
0.0028107212856411934
0.0028930436819791794
0.002728445455431938
0.0027058739215135574
0.0026609746273607016
0.002672904171049595
0.002727441256865859
0.0025953659787774086
0.002652804832905531
0.002672824077308178
0.0026218905113637447
0.002485234523192048
0.002628542482852936
0.002549734665080905
0.0025853877887129784
0.002569730393588543
0.0026252453681081533
0.002600124105811119
0.002562194364145398
0.002608036622405052
0.0026325127109885216
0.0025446827057749033
0.0025217088405042887
0.0024644238874316216
0.002463920507580042
0.002469292376190424
0.002476087538525462
0.0025693869683891535
0.0024569479282945395
0.002500862115994096
0.002443780656903982
0.002498302608728409
0.002491503022611141
0.002461436903104186
0.0023796171881258488
0.002433500485494733
0.0024090365041047335
0.002436209237203002
0.0023915430065244436
0.0022877217270433903
0.0024815581273287535
0.0024477913975715637
0.0022673187777400017
0.0024409641046077013
0.002509775571525097
0.0023954655043780804
0.0023308873642235994
0.0023978748358786106
0.0024158817250281572
0.0022971718572080135
0.0024582650512456894
0.002367672510445118
0.002342120511457324
0.0023712492547929287
0.0023476770147681236
0.0023686925414949656
0.0023074757773429155
0.0023504288401454687
0.002305174944922328
0.002327383030205965
0.002374907722696662
0.0023172551300376654
0.0023082545958459377
0.0023548766039311886
0.002320188330486417
0.002298320410773158
0.0023030482698231936
0.0023006671108305454
0.002311533084139228
0.0023235203698277473
0.0022977497428655624
0.002204298274591565
0.0022538036573678255
0.0023503818083554506
0.0023450611624866724
0.00229770690202713
0.0022187302820384502
0.002286120317876339
0.0022595636546611786
0.0022609850857406855
0.0022550371941179037
0.0023327062372118235
0.0022557734046131372
0.0023785203229635954
0.0023002014495432377
0.0023241881281137466
0.002408880041912198
0.0022705579176545143
0.002323748078197241
0.0023456711787730455
0.002247344935312867
0.002250818768516183
0.0022806902416050434
0.00229971157386899
0.002234591171145439
0.0021972311660647392
0.0022288092877715826
0.00209215865470469
0.0021653524599969387
0.0022654656786471605
0.002246065065264702
0.0021962712053209543
0.0023110448382794857
0.002174142049625516
0.002166362479329109
0.002185196615755558
0.0022506911773234606
0.0022302912548184395
0.0022836613934487104
0.0021369571331888437
0.0022341429721564054
0.0022777884732931852
0.0021742992103099823
0.002264672191813588
0.00218665087595582
0.0021968951914459467
0.0022390433587133884
0.0021538815926760435
0.0020901942625641823
0.002234115032479167
0.0021495800465345383
0.002217999892309308
0.002229310106486082
0.002130853710696101
0.002100911922752857
0.0021619857288897038
0.002196084475144744
0.0021170787513256073
0.0021929601207375526
0.0021755159832537174
0.0022846462670713663
0.0022101423237472773
0.002155246678739786
0.0021985971834510565
0.002162868855521083
0.002069928450509906
0.0021821786649525166
0.002211581449955702
0.0022022551856935024
0.0021515623666346073
0.002230057492852211
0.0020775324665009975
0.0021848389878869057
0.0021038248669356108
0.0021231076680123806
0.0021204662043601274
0.0021454403176903725
0.002149513689801097
0.0021149441599845886
0.0021806659642606974
0.0020711920224130154
0.002174999564886093
0.0021256532054394484
0.0021187406964600086
0.0021458864212036133
0.002087556291371584
0.0021002055145800114
0.002114861737936735
0.002159904921427369
0.0020977375097572803
0.0020675824489444494
0.0021172950509935617
0.0020965978037565947
0.002062843181192875
0.0021588518284261227
0.0021593193523585796
0.0020730290561914444
0.0020474176853895187
0.0021521984599530697
0.0021978800650686026
0.002128479303792119
0.002070771064609289
0.0022209007292985916
0.002040688181295991
0.0021028094924986362
0.0021320704836398363
0.0021322015672922134
0.0021660677157342434
0.0021300888620316982
0.002033847849816084
0.0020783685613423586
0.0021255784668028355
0.002225573407486081
0.0021309598814696074
0.0020959048997610807
0.002075337804853916
0.002098808065056801
0.002153713023290038
0.0021295405458658934
0.0020756677258759737
0.0021351510658860207
0.002038720063865185
0.002055967226624489
0.002107097301632166
0.00204926123842597
0.0020446949638426304
0.0020090313628315926
0.002099446253851056
0.0021729052532464266
0.00202656420879066
0.002060360973700881
0.002019585808739066
0.002041611121967435
0.002154021291062236
0.002073481446132064
0.0020975363440811634
0.002136114053428173
0.002149849897250533
0.002120978431776166
0.001997800078243017
0.002066307468339801
0.002114643109962344
0.0020847604610025883
0.0021273752208799124
0.0020224631298333406
0.002098674653097987
0.0021507113706320524
0.0020530943293124437
0.0020684250630438328
0.002151633845642209
0.0020341076888144016
0.0021146079525351524
0.0020817574113607407
0.0020253239199519157
0.0020512882620096207
0.002056887373328209
0.002019587205722928
0.0020076900254935026
0.002075146185234189
0.0020350972190499306
0.0020994720980525017
0.0019632764160633087
0.002085086889564991
0.002067629713565111
0.0021278271451592445
0.0020252945832908154
0.0020751149859279394
0.0020972152706235647
0.001997132319957018
0.002198314294219017
0.002147963736206293
0.0020963556598871946
0.0020294745918363333
0.0021034919191151857
0.0021600055042654276
0.0021127897780388594
0.0019535638857632875
0.0020763722714036703
0.0020916368812322617
0.00209376635029912
0.0020662639290094376
0.001998015446588397
0.002013146411627531
0.0020930920727550983
0.0020408937707543373
0.0020658241119235754
0.002057618461549282
0.002062107902020216
0.0020396853797137737
0.0021024111192673445
0.00202831975184381
0.0020257614087313414
0.0020325733348727226
0.0019920167978852987
0.002091833855956793
0.0019632335752248764
0.0019438702147454023
0.0020411505829542875
0.002033424563705921
0.002055379096418619
0.001957099186256528
0.0020369619596749544
0.0020458046346902847
0.0019753880333155394
0.0020302373450249434
0.0020967931486666203
0.00199789647012949
0.001980042550712824
0.002017194638028741
0.0020604159217327833
0.001981195528060198
0.002075392520055175
0.001989935990422964
0.0019573753233999014
0.002048398368060589
0.002048804657533765
0.0020547574386000633
0.002055403543636203
0.0020410779397934675
0.001928937272168696
0.002087203785777092
0.002043086104094982
0.001978934044018388
0.0020500910468399525
0.00204464397393167
0.0020241192542016506
0.001987364375963807
0.0019568828865885735
0.002036436228081584
0.00204647658392787
0.001969950972124934
0.0020872289314866066
0.0020602529402822256
0.002019801875576377
0.0020622899755835533
0.0020745841320604086
0.0019366680644452572
0.0020852191373705864
0.0020004496909677982
0.0020691801328212023
0.002056877361610532
0.002043873304501176
0.002001774264499545
0.002027247566729784
0.0020189841743558645
0.0019660370890051126
0.001996769104152918
0.0021086535416543484
0.0019148355349898338
0.00202565873041749
0.0020589937921613455
0.002004231559112668
0.0020225911866873503
0.0021019550040364265
0.0020150623749941587
0.0021044036839157343
0.0019701989367604256
0.001994537655264139
0.0019846237264573574
0.001999981701374054
0.0020375847816467285
0.002049717353656888
0.0020209490321576595
0.0020618943963199854
0.002048711758106947
0.002076990669593215
0.0020016732160001993
0.001939590321853757
0.001974433893337846
0.001993321580812335
0.0019617676734924316
0.002032244112342596
0.0019369743531569839
0.0019934808369725943
0.0019724201411008835
0.001877512433566153
0.0019390668021515012
0.0020033514592796564
0.001943426439538598
0.002014647936448455
0.0019605550915002823
0.0019570020958781242
0.0019001152832061052
0.0020111771300435066
0.0020077794324606657
0.0019156162161380053
0.0019311233190819621
0.0020348932594060898
0.002032897435128689
0.0021481607109308243
0.0020276366267353296
0.0020338071044534445
0.001976916566491127
0.0019990182481706142
0.0020072341430932283
0.0019540900830179453
0.001986189279705286
0.0019787875935435295
0.0020578131079673767
0.0020086602307856083
0.0019976457115262747
0.0019841333851218224
0.002017130609601736
0.002015703823417425
0.0019777335692197084
0.0019663379061967134
0.0020013952162116766
0.001946823438629508
0.0019534993916749954
0.001993523444980383
0.0021098696161061525
0.0020230694208294153
0.0020084958523511887
0.002002685097977519
0.0020107298623770475
0.001994979102164507
0.0020117254462093115
0.002042800420895219
0.0019750711508095264
0.001978168962523341
0.001971055753529072
0.0019376811105757952
0.0020141599234193563
0.002090433379635215
0.001950261415913701
0.002006564987823367
0.0019658806268125772
0.0019429526291787624
0.001956503139808774
0.002039936138316989
0.0019417842850089073
0.001974788261577487
0.002024102956056595
0.002007665578275919
0.0020531832706183195
0.001969996141269803
0.0019604198168963194
0.002012841170653701
0.0019814560655504465
0.0019695605151355267
0.001981646753847599
0.0020066273864358664
0.0019857599399983883
0.0019920794293284416
0.0018985681235790253
0.002052944852039218
0.001963479910045862
0.002002560533583164
0.0019200821407139301
0.0020309635438024998
0.0020206610206514597
0.0019275270169600844
0.001989351585507393
0.0019992070738226175
0.0019549098797142506
0.0019856698345392942
0.0018556374125182629
0.0019677767995744944
0.0020922354888170958
0.001965185394510627
0.0019241990521550179
0.0019275523955002427
0.0020053936168551445
0.0019150158623233438
0.0019472612766548991
0.001947391894645989
0.0019480697810649872
0.0020422907546162605
0.0020319411996752024
0.0018777750665321946
0.0019267317838966846
0.002016618149355054
0.001959557645022869
0.001963683171197772
0.00200602482073009
0.001976337982341647
0.0018986682407557964
0.001886957325041294
0.0018561166943982244
0.0019492673454806209
0.0019927688408643007
0.0019142749952152371
0.0019115768373012543
0.0019019737374037504
0.0019934242591261864
0.001872139167971909
0.001976693281903863
0.002036039251834154
0.0019124463433399796
0.0019700550474226475
0.0020080553367733955
0.0019730678759515285
0.0019868663512170315
0.0019304999150335789
0.001974790822714567
0.0019179509254172444
0.0019155904883518815
0.0019558335188776255
0.0019335320685058832
0.0020203059539198875
0.0019187891157343984
0.0019956985488533974
0.0018873673398047686
0.0019440115429461002
0.0018779425881803036
0.0018857563845813274
0.0019329178612679243
0.0019930601119995117
0.0019384450279176235
0.001902124029584229
0.001978360814973712
0.0019123395904898643
0.0019752823282033205
0.002013846766203642
0.00197054841555655
0.001988933654502034
0.0019167851423844695
0.0018929376965388656
0.001993451965972781
0.0019541317597031593
0.001855002250522375
0.0019370100926607847
0.001928146812133491
0.001995640341192484
0.0019161683740094304
0.0018933917162939906
0.0019065648084506392
0.0019565073307603598
0.0019281985005363822
0.001966514391824603
0.0019427514635026455
0.001953808357939124
0.0019121088553220034
0.0018895876128226519
0.0019279158441349864
0.00200436869636178
0.0019330786308273673
0.0019223931012675166
0.0019193418556824327
0.0019801026210188866
0.0020307160448282957
0.001922951778396964
0.0018973782425746322
0.0019467939855530858
0.0018792514456436038
0.0019377574790269136
0.0019214167259633541
0.0019049026304855943
0.001971098594367504
0.0019188635051250458
0.0019316781545057893
0.0019587494898587465
0.001906265621073544
0.0019020444015040994
0.0018802322447299957
0.001980170141905546
0.001877825241535902
0.001968277618288994
0.0019493564032018185
0.001913617248646915
0.0019768192432820797
0.0019442831398919225
0.001991943921893835
0.00191219721455127
0.0019606188870966434
0.0019624948035925627
0.0018883832963183522
0.001915607019327581
0.0019001982873305678
0.0019436106085777283
0.0019642009865492582
0.0019144756952300668
0.0019110292196273804
0.0019574244506657124
0.002000431763008237
0.0019145406549796462
0.00191063794773072
0.0018609596882015467
0.002037087455391884
0.0019074887968599796
0.001810139394365251
0.0019432249246165156
0.0019225229043513536
0.001944280811585486
0.0019218109082430601
0.001958095235750079
0.0019248872995376587
0.0019565781112760305
0.001950519043020904
0.0019744427409023046
0.0018991040997207165
0.001896572532132268
0.0018911402439698577
0.001900071743875742
0.001946031698025763
0.0020069973543286324
0.0019414529670029879
0.002001348650082946
0.002007202710956335
0.0019833133555948734
0.001944120042026043
0.0019206716679036617
0.0018677865155041218
0.0018809796310961246
0.0019190332386642694
0.0018782173283398151
0.0019102053483948112
0.0018796209478750825
0.0019735468085855246
0.0018991411197930574
0.002042885636910796
0.0019751733634620905
0.0019010842079296708
0.0019266887102276087
0.001921896473504603
0.001887270249426365
0.0018949805526062846
0.001991597004234791
0.001946170930750668
0.001938995555974543
0.001945283729583025
0.001968506257981062
0.0018220192287117243
0.001994438236579299
0.0019661227706819773
0.0019616077188402414
0.0019272726494818926
0.0019741917494684458
0.0018932144157588482
0.0019208173034712672
0.0020021654199808836
0.0019407720537856221
0.0019434625282883644
0.0018289483850821853
0.0019176899222657084
0.00182650878559798
0.0018848184263333678
0.002002659486606717
0.0018944847397506237
0.0019122414523735642
0.002004846930503845
0.0018821178236976266
0.0019593837205320597
0.0019050160190090537
0.0018559928284958005
0.001834722701460123
0.0019010573159903288
0.0019494285807013512
0.0018745963461697102
0.0020000096410512924
0.001922278548590839
0.0019055462907999754
0.0019418112933635712
0.001841953257098794
0.0018836027011275291
0.0018744629342108965
0.0019185446435585618
0.001981217646971345
0.001908923964947462
0.0018700496293604374
0.0018988650990650058
0.001846817322075367
0.0018505551852285862
0.001933715189807117
0.002056193770840764
0.0019059347687289119
0.001947992597706616
0.0019072528230026364
0.0019169971346855164
0.0018737640930339694
0.001995890634134412
0.0019275285303592682
0.0018880475545302033
0.0018735178746283054
0.0018983478657901287
0.001936097163707018
0.0019273848738521338
0.0019257375970482826
0.0018743436085060239
0.001903349650092423
0.0019112351583316922
0.0018774244235828519
0.001957216765731573
0.0019670978654175997
0.00198345840908587
0.001928160316310823
0.0018616317538544536
0.0019371098605915904
0.0018959402805194259
0.0018635436426848173
0.001953658415004611
0.0019378282595425844
0.0018523861654102802
0.001996084814891219
0.0018848939798772335
0.0018549252999946475
0.0018868740880861878
0.0018893100786954165
0.0019403165206313133
0.0019118912750855088
0.0018728403374552727
0.0019443987403064966
0.0019028704846277833
0.0018931846134364605
0.001933903549797833
0.0018562005134299397
0.0019479714101180434
0.0019241131376475096
0.001888558268547058
0.001926975790411234
0.0019661576952785254
0.0019254819490015507
0.0019055737648159266
0.001937252702191472
0.001955535029992461
0.0019099244382232428
0.00190731231123209
0.001895836554467678
0.0018605950754135847
0.0019133795285597444
0.0018499504076316953
0.00194255739916116
0.0019205296412110329
0.0019319700077176094
0.001913933432660997
0.0018775672651827335
0.0018652877770364285
0.0019635730423033237
0.0018858376424759626
0.001930018188431859
0.001926171826198697
0.0018552638357505202
0.0018804542487487197
0.001885672565549612
0.0018923331517726183
0.0019460052717477083
0.0019370217341929674
0.0019193562911823392
0.0019122041994705796
0.0018731951713562012
0.0019568318966776133
0.0019632885232567787
0.001928093726746738
0.0019106768304482102
0.0019609294831752777
0.0018349704332649708
0.0018866228638216853
0.0019051209092140198
0.0019585229456424713
0.001870557782240212
0.0018828543834388256
0.001973147504031658
0.0018780386308208108
0.0018414603546261787
0.0018894197419285774
0.0019009140087291598
0.0019514958839863539
0.0020080851390957832
0.0018837926909327507
0.0018917855340987444
0.0019155677873641253
0.0019061579369008541
0.0018640336347743869
0.0019331320654600859
0.0019564898684620857
0.0019094767048954964
0.00190108479000628
0.0018974703270941973
0.0018757591024041176
0.0019334896933287382
0.001935221254825592
0.001914334250614047
0.001925006159581244
0.001913710730150342
0.0019182892283424735
0.0018221655627712607
0.0019316241377964616
0.0019039289327338338
0.0018863341538235545
0.0019123639212921262
0.0018627101089805365
0.0018666967516764998
0.001958039589226246
0.0018665817333385348
0.0019080734346061945
0.001938297995366156
0.0018235103925690055
0.0018676664913073182
0.0019517473410815
0.0018344307318329811
0.0019004334462806582
0.0019333972595632076
0.00189427868463099
0.001939626527018845
0.001969753298908472
0.001855755690485239
0.0019485722295939922
0.0018575940048322082
0.0019474775763228536
0.0018227561376988888
0.0019089264096692204
0.001843384001404047
0.0018998017767444253
0.001853608526289463
0.001944736228324473
0.0019845066126435995
0.001888558967038989
0.0019414066337049007
0.0018754744669422507
0.0018205690430477262
0.0018036605324596167
0.0019234372302889824
0.00186564726755023
0.0018094241386279464
0.0018935606349259615
0.0019062161445617676
0.0019023704808205366
0.001924480078741908
0.001903597847558558
0.0018125125207006931
0.0019210200989618897
0.0018577713053673506
0.0019133866298943758
0.0019475843291729689
0.001956030959263444
0.0019035119330510497
0.0018775128992274404
0.0018302357057109475
0.0018274897010996938
0.001899726572446525
0.0019120409851893783
0.0018338719382882118
0.0018896256806328893
0.001855264650657773
0.0018606599187478423
0.0019069011323153973
0.0018570690881460905
0.0018931578379124403
0.001996550941839814
0.001850323867984116
0.001951297395862639
0.0018845037557184696
0.00187868089415133
0.0018420758424326777
0.0019232030026614666
0.001906447228975594
0.0018703015521168709
0.0019016717560589314
0.0019644340500235558
0.001907935249619186
0.001840301905758679
0.0018553581321612
0.0019036101875826716
0.0019141538068652153
0.0018745549023151398
0.0018474831013008952
0.0019999223295599222
0.0019487215904518962
0.0019165138946846128
0.0019235110376030207
0.0019020936451852322
0.0019549389835447073
0.0018660812638700008
0.0018376100342720747
0.0018727914430201054
0.0018503497121855617
0.0019006457878276706
0.0018008147599175572
0.0019267817260697484
0.0018741789972409606
0.0019838353618979454
0.0018598680617287755
0.0018713693134486675
0.0018927773926407099
0.0019553869497030973
0.0018395710503682494
0.0018891007639467716
0.001863644109107554
0.001885082689113915
0.0018626456148922443
0.0018615855369716883
0.0018985298229381442
0.0018753426847979426
0.0018761808751150966
0.0018580041360110044
0.0018451819196343422
0.0018289100844413042
0.001915052067488432
0.0019044227665290236
0.0018972961697727442
0.0019134050235152245
0.0018587821396067739
0.0018551881657913327
0.0018981422763317823
0.0018869313644245267
0.0018416300881654024
0.0019177342765033245
0.0018947268836200237
0.001904311473481357
0.001959123183041811
0.001846653176471591
0.0018955457489937544
0.001970673445612192
0.0019740229472517967
0.0018875196110457182
0.0019008832750841975
0.001842967583797872
0.001897119334898889
0.0018292975146323442
0.0018844441510736942
0.0018406389281153679
0.0018603558419272304
0.0018635893939062953
0.001876922557130456
0.0018650901038199663
0.002026920672506094
0.0018618900794535875
0.001870633102953434
0.0018125390633940697
0.0018422352150082588
0.0018924630712717772
0.0018299351213499904
0.0019207186996936798
0.0018313585314899683
0.0018471606308594346
0.0018512924434617162
0.001973609672859311
0.0018800708930939436
0.0018102533649653196
0.0018845462473109365
0.0018603504868224263
0.0019036777084693313
0.001910967635922134
0.0018823164282366633
0.0018823902355507016
0.001918604364618659
0.0018873168155550957
0.0018876255489885807
0.001972497208043933
0.001961943693459034
0.0018901076400652528
0.0019514992600306869
0.001832184148952365
0.0018703698879107833
0.0018203738145530224
0.0018652897560968995
0.0019030885305255651
0.001898654387332499
0.0017693149857223034
0.0018245899118483067
0.0018867048202082515
0.001935232779942453
0.0018105675699189305
0.0019137202762067318
0.0018565800273790956
0.0019374979892745614
0.0019528086995705962
0.001924706157296896
0.001797726028598845
0.001873259199783206
0.0018986028153449297
0.0019273690413683653
0.0018370309844613075
0.0018021832220256329
0.0019040448823943734
0.0019244157010689378
0.0019037635065615177
0.001895666471682489
0.0018637293251231313
0.0018412662902846932
0.001912592677399516
0.0018384057329967618
0.001876426744274795
0.001893028267659247
0.0018943320028483868
0.0018097016727551818
0.0018556565046310425
0.0018679804634302855
0.0019504029769450426
0.0018700063228607178
0.0019013801356777549
0.0019369929796084762
0.0018042739247903228
0.0018969192169606686
0.0019022140186280012
0.0019047175301238894
0.0018628346733748913
0.001919827307574451
0.001816763891838491
0.0019471374107524753
0.001871204120106995
0.0018230665009468794
0.0018919279100373387
0.0019216489745303988
0.0018870442872866988
0.001851996872574091
0.0018606457160785794
0.001889853156171739
0.0018525420455262065
0.0019647853914648294
0.0018985861679539084
0.0017972636269405484
0.0018982795299962163
0.001890853513032198
0.001926471944898367
0.001888652564957738
0.001831725938245654
0.0017649270594120026
0.0019237273372709751
0.0018593076383695006
0.001845194143243134
0.0019018060993403196
0.0018531729001551867
0.001897481270134449
0.0019116768380627036
0.0018910780781880021
0.0018364061834290624
0.001891218009404838
0.0019002319313585758
0.001886955345980823
0.002019323641434312
0.0018636207096278667
0.0018700538203120232
0.0017986833117902279
0.0018449086928740144
0.0019100230420008302
0.001859316835179925
0.001877310685813427
0.0018521839519962668
0.001857473747804761
0.0019116210751235485
0.001934327301569283
0.0018687255214899778
0.0020102853886783123
0.001866619917564094
0.0019015114521607757
0.0018416522070765495
0.0018885907484218478
0.0018370364559814334
0.001907993690110743
0.00195833807811141
0.0018813416827470064
0.001822939608246088
0.001852592802606523
0.0019296895479783416
0.0018775411881506443
0.0018961896421387792
0.001997870160266757
0.0018059666035696864
0.0019238351378589869
0.0018655015155673027
0.0018502507591620088
0.0017686770297586918
0.0019003684865310788
0.0018678642809391022
0.001831942005082965
0.0018303671386092901
0.001823311555199325
0.001855012378655374
0.0018013408407568932
0.0019001518376171589
0.00181016291026026
0.0019407502841204405
0.0018479247810319066
0.0018662420334294438
0.0019320249557495117
0.0018267978448420763
0.0018792004557326436
0.00185906991828233
0.0019168416038155556
0.0018875203095376492
0.0017791381105780602
0.001901121693663299
0.0018962871981784701
0.0018700233194977045
0.0018888808554038405
0.0018859264673665166
0.001863214187324047
0.0018023496959358454
0.0019198922673240304
0.001947461161762476
0.0018546916544437408
0.0019056843593716621
0.0018448128830641508
0.001811400754377246
0.0018906876211985946
0.0018149280222132802
0.0018387294840067625
0.0018604431534186006
0.001821264042519033
0.0018505111802369356
0.0019221458351239562
0.0019454631255939603
0.0018648628611117601
0.0018112186808139086
0.0019086438696831465
0.0018189973197877407
0.001886869315057993
0.0018970684614032507
0.0019162701210007071
0.0018424212466925383
0.001817963900975883
0.0018366988515481353
0.0018582632765173912
0.0018287893617525697
0.001892764586955309
0.001971222460269928
0.0019314433448016644
0.0018245738465338945
0.0018428255571052432
0.0018843394936993718
0.0018901523435488343
0.0018793169874697924
0.001860588206909597
0.0018410335760563612
0.0018539897864684463
0.0018196835881099105
0.0018763195257633924
0.001893094158731401
0.001898206421174109
0.0018578609451651573
0.0019226480508223176
0.0018670926801860332
0.0019223716808483005
0.0018059505382552743
0.0019408242078498006
0.0018439150881022215
0.0018862159922719002
0.0018481137230992317
0.0018993845442309976
0.0018772452604025602
0.001895059016533196
0.0018262274097651243
0.001960193505510688
0.0018947054632008076
0.0019198117079213262
0.0018852833891287446
0.0018482119776308537
0.0018370141042396426
0.001873948727734387
0.0018523023463785648
0.0019304058514535427
0.0018578913295641541
0.001816921983845532
0.0019137467024847865
0.001845632679760456
0.0018203557701781392
0.001936580054461956
0.0019119015196338296
0.0018431576900184155
0.001796549535356462
0.0019090397981926799
0.0018496470293030143
0.0018940444570034742
0.0018763105617836118
0.0017963502323254943
0.0019158548675477505
0.0018836004892364144
0.001856042305007577
0.0017856216290965676
0.0018403918948024511
0.0019280457636341453
0.0018485120963305235
0.0017921619582921267
0.0018690915312618017
0.0018828916363418102
0.0019469702383503318
0.0019271327182650566
0.001905236393213272
0.001818678923882544
0.001789294183254242
0.0018723156535997987
0.0018972413381561637
0.001968654105439782
0.0019305763999000192
0.001863160403445363
0.001829358167015016
0.0018679304048418999
0.0018013003282248974
0.0019277972169220448
0.0018411336932331324
0.0018228006083518267
0.0018908488564193249
0.0018572472035884857
0.001848486834205687
0.0018766586435958743
0.0018205882515758276
0.0018130684038624167
0.0018633108120411634
0.0018527318025007844
0.0018344013951718807
0.0018896477995440364
0.0018953977851197124
0.0018856445094570518
0.0018903836607933044
0.0019029827089980245
0.0018604614306241274
0.0018309765728190541
0.0018709782743826509
0.0018599785398691893
0.00189686706289649
0.0018770499154925346
0.001867873128503561
0.0018707605777308345
0.0018596169538795948
0.0017788666300475597
0.0018059620633721352
0.0018272229935973883
0.001884547295048833
0.0018132977420464158
0.0018792151240631938
0.0017939311219379306
0.0018569102976471186
0.001901774201542139
0.001828773063607514
0.0018239930504933
0.001905022538267076
0.001909417100250721
0.0018211954738944769
0.0018775025382637978
0.0019323531305417418
0.001822252874262631
0.001805669511668384
0.0018537716241553426
0.0018732439493760467
0.00193368224427104
0.0018657775362953544
0.0019370901864022017
0.0018373513594269753
0.0018535933922976255
0.0018192969728261232
0.0018606730736792088
0.001898632850497961
0.0018399074906483293
0.0018372710328549147
0.001872652443125844
0.0018646764801815152
0.0018575792200863361
0.0018041752045974135
0.0018191662384197116
0.0019832979887723923
0.0018947330536320806
0.0018826699815690517
0.001891264459118247
0.0019179928349331021
0.0018362211994826794
0.0018437308026477695
0.0018909291829913855
0.0018766087014228106
0.0018690794240683317
0.001846205908805132
0.0018523166654631495
0.0018098928267136216
0.0019369089277461171
0.001793654984794557
0.0018895426765084267
0.0018703447422012687
0.0018367208540439606
0.0018102088943123817
0.0018586083315312862
0.0018067531054839492
0.0018129236996173859
0.001874058274552226
0.0018936400301754475
0.0019218106754124165
0.0018369972240179777
0.001993634272366762
0.0018843266880139709
0.0017957958625629544
0.0019482065690681338
0.0017845539841800928
0.001827105414122343
0.0018943574978038669
0.0018650587880983949
0.001785233966074884
0.0017779981717467308
0.0019460272742435336
0.0019097223412245512
0.0018705035327002406
0.0018511152593418956
0.0018397329840809107
0.0018526001367717981
0.0018830543849617243
0.0019531610887497663
0.001847048057243228
0.0018337860237807035
0.0018271645531058311
0.0018304550321772695
0.0018176169833168387
0.0017766916425898671
0.0018550707027316093
0.0019335420802235603
0.0019003328634425998
0.0018591552507132292
0.0018167111556977034
0.0019597685895860195
0.0018458679551258683
0.001866708742454648
0.0019651271868497133
0.001786803943105042
0.001836755545809865
0.0017912962939590216
0.0017958058742806315
0.0018527564825490117
0.0018549608066678047
0.0018994926940649748
0.0018755401251837611
0.0017975399969145656
0.0018262782832607627
0.001895163208246231
0.0018697400810196996
0.001816409407183528
0.0018020124407485127
0.0018313871696591377
0.0017750296974554658
0.0018681342480704188
0.0018722283421084285
0.0018328038277104497
0.0019234961364418268
0.0018755339551717043
0.0018298872746527195
0.0019252656493335962
0.0019347422057762742
0.0017802624497562647
0.001824698643758893
0.001835518516600132
0.0018469779752194881
0.0018468083580955863
0.0018899620044976473
0.0017896321369335055
0.001868950086645782
0.001883086166344583
0.001829360262490809
0.001927869627252221
0.001787854707799852
0.0018525664927437901
0.0019564784597605467
0.0017770954873412848
0.0017826819093897939
0.0018017017282545567
0.0018632106948643923
0.0018925108015537262
0.0017758308677002788
0.0018447577022016048
0.0018838196992874146
0.0018003295408561826
0.0018744864501059055
0.001879537827335298
0.0018634031293913722
0.0019173136679455638
0.0018638980109244585
0.001809234032407403
0.0018603138159960508
0.0018667159602046013
0.0019197561778128147
0.0019410980166867375
0.001799876568838954
0.0018624073127284646
0.0018346842844039202
0.0019089883426204324
0.0018818799871951342
0.0018509745132178068
0.0018721737433224916
0.0019109350396320224
0.0017998118419200182
0.0019119918579235673
0.0018319236114621162
0.001901586540043354
0.0018906795885413885
0.0018543669721111655
0.0018790405010804534
0.0018525226041674614
0.0018816804513335228
0.0019400524906814098
0.0018418431282043457
0.0018277682829648256
0.001781343948096037
0.001854169531725347
0.001768894144333899
0.0017973381327465177
0.0018342514522373676
0.0018005865858867764
0.0017975227674469352
0.0018582188058644533
0.0018709555733948946
0.0018317886861041188
0.0018619123147800565
0.0018106929492205381
0.0017723599448800087
0.001906764693558216
0.001833194401115179
0.0018150977557525039
0.0018313777400180697
0.001958228414878249
0.0018756873905658722
0.0017990272026509047
0.001893702195957303
0.0018503910396248102
0.0018211385468021035
0.0018414972582831979
0.001796554191969335
0.001827782834880054
0.0018800431862473488
0.0018731453455984592
0.0018227155087515712
0.0018605521181598306
0.001868956140242517
0.0018908311612904072
0.0017962524434551597
0.0018179581966251135
0.0018762265099212527
0.0019282614812254906
0.0017842878587543964
0.0018764022970572114
0.0018643807852640748
0.0017837274353951216
0.0019060494378209114
0.0018457636469975114
0.0017767578829079866
0.0018821751000359654
0.0018874240340664983
0.0018415172817185521
0.0019008793169632554
0.0018430480267852545
0.0018705874681472778
0.0018927529454231262
0.0018956627463921905
0.0018833607900887728
0.0018818211974576116
0.0018632677383720875
0.0019182040123268962
0.001970816170796752
0.0018786325817927718
0.001822044258005917
0.0018547899089753628
0.0018200709018856287
0.001973208738490939
0.0018242736114189029
0.0018829737091436982
0.0018944033654406667
0.0019196628127247095
0.0019185296259820461
0.0018628340912982821
0.0018688769778236747
0.0018602843629196286
0.001852998393587768
0.0018322068499401212
0.0019212689949199557
0.001812921604141593
0.0018956497078761458
0.0018997108563780785
0.0019329758360981941
0.0018388268072158098
0.0018709697760641575
0.0018223890801891685
0.0019123507663607597
0.001878514769487083
0.0018368038581684232
0.001817340962588787
0.0017805462703108788
0.0018508534412831068
0.001816089148633182
0.0018337750807404518
0.0018471954390406609
0.0018340919632464647
0.0017939768731594086
0.0018483601743355393
0.0018566197250038385
0.001774136326275766
0.001901767565868795
0.0017640325240790844
0.0018129779491573572
0.0018186129163950682
0.0018171989358961582
0.0018899153219535947
0.0018514239927753806
0.0018452171934768558
0.0018604667857289314
0.0018612960120663047
0.001866018632426858
0.00196364289149642
0.001887940219603479
0.0018413413781672716
0.0018386697629466653
0.0018462142907083035
0.0018061773153021932
0.0017724031349644065
0.0018203735817223787
0.001843831385485828
0.0018794122152030468
0.0018317151116207242
0.0018736986676231027
0.0018604391952976584
0.0018301227828487754
0.001880020834505558
0.0018628225661814213
0.0018546015489846468
0.0019199895905330777
0.0018988889642059803
0.0018406069139018655
0.001795733580365777
0.0018319576047360897
0.001854143338277936
0.0017953318310901523
0.0018740483792498708
0.0018070085207000375
0.0018260807264596224
0.0018046796321868896
0.0018435558304190636
0.0017925880383700132
0.0018041443545371294
0.0018773239571601152
0.001904196455143392
0.0017880164086818695
0.0018264702521264553
0.0019065872766077518
0.0017830564174801111
0.0018568966770544648
0.0018771669128909707
0.0018233126029372215
0.0017590682255104184
0.0018077946733683348
0.0018782182596623898
0.001850574160926044
0.0018142551416531205
0.0017954525537788868
0.001935950480401516
0.0018297365168109536
0.001832700101658702
0.0018526528729125857
0.0017564098816365004
0.0018584870267659426
0.0019447708036750555
0.001806852174922824
0.00182372669223696
0.0018878527916967869
0.0018338023219257593
0.001916627399623394
0.0018959786975756288
0.0018196235178038478
0.0018460866995155811
0.001799301477149129
0.0017990763299167156
0.0018324533011764288
0.0017188136698678136
0.0018519839504733682
0.0018394950311630964
0.0018260064534842968
0.001819922006689012
0.0018330280436202884
0.0019104835810139775
0.0018153132405132055
0.0018498643767088652
0.0018077570712193847
0.0018724185647442937
0.0018074391409754753
0.0018459931015968323
0.0018744058907032013
0.001800335361622274
0.0018764314008876681
0.0018347272416576743
0.0018214525189250708
0.0018920620204880834
0.0018854276277124882
0.0019150200532749295
0.0018569253152236342
0.0018280730582773685
0.001918089110404253
0.0018452799413353205
0.001864162040874362
0.001839804812334478
0.0018374109640717506
0.0018490467919036746
0.0017550747143104672
0.0018783163977786899
0.0019021205371245742
0.0019220348913222551
0.0018311397871002555
0.0018262284575030208
0.0018753414042294025
0.0019447330851107836
0.0018098294967785478
0.0018720995867624879
0.0018868600018322468
0.001765144057571888
0.0019041550112888217
0.0018210180569440126
0.0018785101128742099
0.0018391597550362349
0.0018337540095672011
0.0018576805014163256
0.0018455128883942962
0.0018690514843910933
0.0018556398572400212
0.0017512282356619835
0.0018340725218877196
0.0018604269716888666
0.001754147233441472
0.0018183088395744562
0.001867053098976612
0.0018154048593714833
0.0018037626286968589
0.0017657343996688724
0.0018117129802703857
0.0018340288661420345
0.0018070563673973083
0.001945482799783349
0.0018054910469800234
0.0017829341813921928
0.0018011486390605569
0.0018581845797598362
0.0019055743468925357
0.0018032235093414783
0.0018595218425616622
0.0018794588977470994
0.0018427553586661816
0.0018658709013834596
0.0018344982527196407
0.0017993927467614412
0.0017848924035206437
0.0017477339133620262
0.0018128337105736136
0.0018090637167915702
0.0018589909886941314
0.0018960770685225725
0.0018088041106238961
0.0018097873544320464
0.0018481265287846327
0.0019129103748127818
0.0017637499840930104
0.0018187527311965823
0.0018009576015174389
0.0018093183171004057
0.0018446523463353515
0.00180810468737036
0.0019045391818508506
0.0018381030531600118
0.0019063956569880247
0.0019254226936027408
0.0017993010114878416
0.0018134857527911663
0.0018715130863711238
0.0018883657176047564
0.0018385560251772404
0.0018474544631317258
0.0018409613985568285
0.001800914411433041
0.0017488212324678898
0.0018170729745179415
0.0018714345060288906
0.0018067571800202131
0.0018498915014788508
0.0018124404596164823
0.0018075492698699236
0.0018908926285803318
0.0017582100117579103
0.0019145167898386717
0.0018790926551446319
0.001925189164467156
0.0017827007686719298
0.001834931317716837
0.0018595535075291991
0.0018306676065549254
0.0018393514910712838
0.0018063958268612623
0.0017746053636074066
0.0018364181742072105
0.0018802477279677987
0.0018016902031376958
0.001759319449774921
0.001810715184547007
0.0018571414984762669
0.001781263155862689
0.0018402744317427278
0.0018180102342739701
0.0018077946733683348
0.0018046541372314095
0.0018393537029623985
0.0018849729094654322
0.00181730801705271
0.0018191005801782012
0.001859067939221859
0.001853371155448258
0.001821070327423513
0.0018226540414616466
0.0018505093175917864
0.0018386850133538246
0.00188437569886446
0.001872336259111762
0.0018719036597758532
0.0018881438300013542
0.0017901804530993104
0.0019027842208743095
0.0018766451394185424
0.001735944184474647
0.0018108258955180645
0.0017258020816370845
0.0018268250860273838
0.0017958864336833358
0.0017819537315517664
0.0018053916282951832
0.0018587508238852024
0.001760787796229124
0.001876829075627029
0.001792857889086008
0.0018870593048632145
0.00183474225923419
0.0018762322142720222
0.0018915064865723252
0.0019043991342186928
0.0018449171911925077
0.0018490500515326858
0.0018436284735798836
0.0017294876743108034
0.0018405669834464788
0.001872420427389443
0.0018212661379948258
0.0018946070922538638
0.001880553551018238
0.0018155081197619438
0.001849623629823327
0.001837605144828558
0.001749045797623694
0.0018136822618544102
0.0018389266915619373
0.0017964940052479506
0.0018338344525545835
0.0017974734073504806
0.0018098430009558797
0.0017970012268051505
0.0018724773544818163
0.0018887239275500178
0.0018979820888489485
0.0018906162586063147
0.0018436878453940153
0.001921539893373847
0.0018356965156272054
0.001854289323091507
0.0018193467985838652
0.0018424470908939838
0.0018400636035948992
0.0017443106044083834
0.0018271304434165359
0.0018456904217600822
0.0018391503253951669
0.0018768863519653678
0.0018589284736663103
0.0018513910472393036
0.0018543394980952144
0.0017895689234137535
0.0017233975231647491
0.001828987617045641
0.00191081827506423
0.0018596809823065996
0.0018828618340194225
0.001789025031030178
0.0019036744488403201
0.0018336973153054714
0.001747912960126996
0.0018176978919655085
0.0019091650610789657
0.0019019076135009527
0.0018721319502219558
0.0018860362470149994
0.0018958711298182607
0.0018709545256569982
0.001861610566265881
0.0018646263051778078
0.0017793317092582583
0.001874685869552195
0.0018960194429382682
0.0018793749623000622
0.001763534964993596
0.0018462155712768435
0.0018373776692897081
0.0018153531709685922
0.0017933167982846498
0.0018380415858700871
0.001903338241390884
0.001863425481133163
0.0018618394387885928
0.0018027143087238073
0.001816792064346373
0.0018381272675469518
0.0018211208516731858
0.0017864737892523408
0.0017317294841632247
0.001814659801311791
0.001931037288159132
0.0017755897715687752
0.0017958171665668488
0.0018264714162796736
0.0017431543674319983
0.0017471835017204285
0.0018724460387602448
0.0018911280203610659
0.0017624370520934463
0.0018586100777611136
0.0018585787620395422
0.0018123405752703547
0.001851392793469131
0.001851030858233571
0.0018725245026871562
0.0017960519762709737
0.001782817649655044
0.0018299749353900552
0.0018694564932957292
0.001823987695388496
0.0019074237206950784
0.001800570753403008
0.001865791971795261
0.0018147192895412445
0.001755323726683855
0.0017678962321951985
0.0018811874324455857
0.0018416211241856217
0.0018923403695225716
0.001823702361434698
0.0018469850765541196
0.0018056100234389305
0.00183512968942523
0.0018524787155911326
0.0018337266519665718
0.0019169492879882455
0.0018247190164402127
0.0017611884977668524
0.0018457822734490037
0.001834385097026825
0.001798683893866837
0.0018362891860306263
0.0018059477442875504
0.001814371906220913
0.001778329024091363
0.0017814619932323694
0.0017792958533391356
0.0018072697566822171
0.001852900837548077
0.0018266730476170778
0.0019141759257763624
0.0018696361221373081
0.0018361471593379974
0.0018541503231972456
0.0017836998449638486
0.0018307631835341454
0.0018561049364507198
0.001809442532248795
0.0017995795933529735
0.0018453970551490784
0.001815791823901236
0.0018194365547969937
0.001849715132266283
0.0018837839597836137
0.0018229010747745633
0.001776800723746419
0.001883286633528769
0.0018565802602097392
0.0018561019096523523
0.0017924191197380424
0.00183578091673553
0.0017683787737041712
0.0018336586654186249
0.00177955930121243
0.001809932989999652
0.0018025013851001859
0.0018760865787044168
0.0017755773151293397
0.001896398258395493
0.0018121536122635007
0.0018661075737327337
0.0017572466749697924
0.001908368431031704
0.0018384845461696386
0.00180536275729537
0.0017677402356639504
0.0018392902566120028
0.0018750844756141305
0.0018199954647570848
0.0018771833274513483
0.0018757209181785583
0.0018803216516971588
0.0018931818194687366
0.001757199177518487
0.0018969401717185974
0.0018966143252328038
0.0018197427270933986
0.0018497604178264737
0.0017960749100893736
0.0018088975921273232
0.0018896057736128569
0.0018342011608183384
0.0018575468566268682
0.0017687458312138915
0.0018645933596417308
0.0019188764272257686
0.0018427482573315501
0.0018591812113299966
0.0017945044673979282
0.0017890471499413252
0.0017994513036683202
0.0017784179653972387
0.0018791062757372856
0.0018395382212474942
0.001882066484540701
0.0017681489698588848
0.0018412134377285838
0.001805029227398336
0.0017533216159790754
0.0018003698205575347
0.0018362313276156783
0.0018507374916225672
0.001840013894252479
0.001849524094723165
0.0018206204986199737
0.0018036451656371355
0.0018131891265511513
0.001794888055883348
0.0018246627878397703
0.0017944909632205963
0.001810411806218326
0.0018225725507363677
0.0018033842789009213
0.0018385908333584666
0.0018368166638538241
0.0017767305253073573
0.001797064091078937
0.0018157419981434941
0.001965821720659733
0.0017874151235446334
0.0018398850224912167
0.0018064213218167424
0.0017046913271769881
0.001825700281187892
0.0017330409027636051
0.0017999407136812806
0.0018669698620215058
0.0018503364408388734
0.0017744004726409912
0.0018210426205769181
0.0018511982634663582
0.0017985572339966893
0.0019270202610641718
0.0018807094311341643
0.0018335600616410375
0.0018023512093350291
0.0017604544991627336
0.0018814100185409188
0.0018242085352540016
0.001825688872486353
0.0017828982090577483
0.0018165233777835965
0.001822180929593742
0.0018619922921061516
0.001874568872153759
0.00180801039095968
0.0018179829930886626
0.0018169897375628352
0.0018161636544391513
0.001823221449740231
0.0017950932960957289
0.0017880428349599242
0.0017939928220584989
0.0017430190928280354
0.001787563320249319
0.0017706135986372828
0.0018596964655444026
0.0018438415136188269
0.0018237337935715914
0.001750686438754201
0.0018365740543231368
0.0018352665938436985
0.001855270005762577
0.0018160565523430705
0.0018299330258741975
0.0018542371690273285
0.0018251524306833744
0.0018259234493598342
0.0018151594558730721
0.0018346584402024746
0.0018251315923407674
0.0018925693584606051
0.0018205648520961404
0.001796979340724647
0.0018728262512013316
0.0018865927122533321
0.0017862394452095032
0.001720569678582251
0.0017598994309082627
0.001902816933579743
0.001903733005747199
0.0017462323885411024
0.0018400215776637197
0.0017582373693585396
0.0018735172925516963
0.0018072340171784163
0.0018954185070469975
0.0018791055772453547
0.0017998813418671489
0.0017849166179075837
0.0017008945578709245
0.0018236860632896423
0.001771674957126379
0.0018303472315892577
0.0018950672820210457
0.0017986041493713856
0.0018926832126453519
0.0018296610796824098
0.0018216908210888505
0.001800687750801444
0.0018224753439426422
0.0018584601348266006
0.0018370257457718253
0.0018226240063086152
0.0017860963707789779